GazePointLeftX (ADCSpx),GazePointLeftY (ADCSpx),GazePointRightX (ADCSpx),GazePointRightY (ADCSpx),GazePointX (ADCSpx),GazePointY (ADCSpx),PupilLeft,PupilRight,ValidityLeft,ValidityRight
523.0,497.0,523.0,497.0,523.0,497.0,2.17,2.17,0.0,0.0
483.0,479.0,521.0,500.0,502.0,489.0,-1.0,-1.0,0.0,0.0
475.0,486.0,475.0,486.0,475.0,486.0,-1.0,-1.0,0.0,0.0
520.0,500.0,520.0,500.0,520.0,500.0,2.3,2.3,0.0,0.0
449.0,489.0,515.0,504.0,482.0,496.0,-1.0,-1.0,0.0,0.0
464.0,466.0,513.0,511.0,488.0,488.0,-1.0,-1.0,0.0,0.0
513.0,511.0,513.0,511.0,513.0,511.0,2.69,2.69,0.0,0.0
528.0,466.0,509.0,499.0,518.0,482.0,-1.0,-1.0,0.0,0.0
523.0,441.0,503.0,505.0,513.0,473.0,-1.0,-1.0,0.0,0.0
-1.0,-1.0,-1.0,-1.0,-1.0,-1.0,-1.0,-1.0,-1.0,-1.0
504.0,448.0,500.0,509.0,502.0,478.0,-1.0,-1.0,0.0,0.0
497.0,476.0,497.0,476.0,497.0,476.0,-1.0,-1.0,0.0,0.0
498.0,503.0,498.0,503.0,498.0,503.0,1.99,1.99,0.0,0.0
511.0,471.0,490.0,504.0,500.0,487.0,-1.0,-1.0,0.0,0.0
502.0,498.0,488.0,514.0,495.0,506.0,-1.0,-1.0,0.0,0.0
495.0,531.0,495.0,531.0,495.0,531.0,2.28,2.28,0.0,0.0
498.0,507.0,506.0,534.0,502.0,520.0,-1.0,-1.0,0.0,0.0
505.0,490.0,529.0,489.0,517.0,489.0,-1.0,-1.0,0.0,0.0
-1.0,-1.0,-1.0,-1.0,-1.0,-1.0,-1.0,-1.0,-1.0,-1.0
490.0,475.0,519.0,463.0,504.0,469.0,-1.0,-1.0,0.0,0.0
496.0,490.0,514.0,508.0,505.0,499.0,-1.0,-1.0,0.0,0.0
-1.0,-1.0,-1.0,-1.0,-1.0,-1.0,-1.0,-1.0,-1.0,-1.0
541.0,522.0,547.0,501.0,544.0,511.0,-1.0,-1.0,0.0,0.0
576.0,634.0,576.0,634.0,576.0,634.0,-1.0,-1.0,0.0,0.0
-1.0,-1.0,-1.0,-1.0,-1.0,-1.0,-1.0,-1.0,-1.0,-1.0
563.0,537.0,576.0,634.0,569.0,585.0,-1.0,-1.0,0.0,0.0
617.0,587.0,617.0,587.0,617.0,587.0,-1.0,-1.0,0.0,0.0
600.0,616.0,600.0,616.0,600.0,616.0,2.48,2.48,0.0,0.0
603.0,576.0,587.0,602.0,595.0,589.0,-1.0,-1.0,0.0,0.0
616.0,559.0,616.0,559.0,616.0,559.0,-1.0,-1.0,0.0,0.0
-1.0,-1.0,-1.0,-1.0,-1.0,-1.0,-1.0,-1.0,-1.0,-1.0
599.0,579.0,599.0,579.0,599.0,579.0,-1.0,-1.0,0.0,0.0
607.0,578.0,616.0,611.0,611.0,594.0,-1.0,-1.0,0.0,0.0
597.0,605.0,597.0,605.0,597.0,605.0,2.4,2.4,0.0,0.0
617.0,591.0,594.0,612.0,605.0,601.0,-1.0,-1.0,0.0,0.0
610.0,572.0,599.0,554.0,604.0,563.0,-1.0,-1.0,0.0,0.0
598.0,554.0,598.0,554.0,598.0,554.0,2.63,2.63,0.0,0.0
609.0,555.0,596.0,531.0,602.0,543.0,-1.0,-1.0,0.0,0.0
618.0,576.0,589.0,539.0,603.0,557.0,-1.0,-1.0,0.0,0.0
593.0,563.0,593.0,563.0,593.0,563.0,2.09,2.09,0.0,0.0
-1.0,-1.0,-1.0,-1.0,-1.0,-1.0,-1.0,-1.0,-1.0,-1.0
605.0,483.0,605.0,483.0,605.0,483.0,-1.0,-1.0,0.0,0.0
596.0,502.0,596.0,502.0,596.0,502.0,1.9,1.9,0.0,0.0
618.0,339.0,616.0,303.0,617.0,321.0,-1.0,-1.0,0.0,0.0
621.0,303.0,617.0,299.0,619.0,301.0,-1.0,-1.0,0.0,0.0
621.0,297.0,621.0,297.0,621.0,297.0,1.86,1.86,0.0,0.0
610.0,276.0,618.0,290.0,614.0,283.0,-1.0,-1.0,0.0,0.0
599.0,263.0,607.0,285.0,603.0,274.0,-1.0,-1.0,0.0,0.0
615.0,295.0,615.0,295.0,615.0,295.0,1.93,1.93,0.0,0.0
611.0,266.0,614.0,296.0,612.0,281.0,-1.0,-1.0,0.0,0.0
598.0,288.0,615.0,290.0,606.0,289.0,-1.0,-1.0,0.0,0.0
615.0,290.0,615.0,290.0,615.0,290.0,2.0,2.0,0.0,0.0
584.0,288.0,610.0,296.0,597.0,292.0,-1.0,-1.0,0.0,0.0
604.0,275.0,622.0,299.0,613.0,287.0,-1.0,-1.0,0.0,0.0
627.0,299.0,627.0,299.0,627.0,299.0,2.07,2.07,0.0,0.0
608.0,275.0,617.0,296.0,612.0,285.0,-1.0,-1.0,0.0,0.0
613.0,278.0,608.0,297.0,610.0,287.0,-1.0,-1.0,0.0,0.0
614.0,302.0,614.0,302.0,614.0,302.0,1.97,1.97,0.0,0.0
624.0,288.0,608.0,292.0,616.0,290.0,-1.0,-1.0,0.0,0.0
613.0,280.0,605.0,282.0,609.0,281.0,-1.0,-1.0,0.0,0.0
592.0,265.0,592.0,265.0,592.0,265.0,1.86,1.86,0.0,0.0
610.0,280.0,606.0,285.0,608.0,282.0,-1.0,-1.0,0.0,0.0
605.0,275.0,589.0,248.0,597.0,261.0,-1.0,-1.0,0.0,0.0
594.0,273.0,594.0,273.0,594.0,273.0,1.99,1.99,0.0,0.0
595.0,258.0,593.0,278.0,594.0,268.0,-1.0,-1.0,0.0,0.0
595.0,265.0,602.0,285.0,598.0,275.0,-1.0,-1.0,0.0,0.0
615.0,287.0,615.0,287.0,615.0,287.0,2.58,2.58,0.0,0.0
552.0,233.0,569.0,294.0,560.0,263.0,-1.0,-1.0,0.0,0.0
470.0,174.0,484.0,214.0,477.0,194.0,-1.0,-1.0,0.0,0.0
-1.0,-1.0,-1.0,-1.0,-1.0,-1.0,-1.0,-1.0,-1.0,-1.0
419.0,143.0,416.0,186.0,417.0,164.0,-1.0,-1.0,0.0,0.0
380.0,152.0,362.0,165.0,371.0,158.0,-1.0,-1.0,0.0,0.0
364.0,162.0,364.0,162.0,364.0,162.0,1.92,1.92,0.0,0.0
386.0,158.0,359.0,162.0,372.0,160.0,-1.0,-1.0,0.0,0.0
391.0,170.0,369.0,169.0,380.0,169.0,-1.0,-1.0,0.0,0.0
371.0,168.0,371.0,168.0,371.0,168.0,1.97,1.97,0.0,0.0
376.0,166.0,371.0,166.0,373.0,166.0,-1.0,-1.0,0.0,0.0
360.0,143.0,370.0,158.0,365.0,150.0,-1.0,-1.0,0.0,0.0
363.0,173.0,363.0,173.0,363.0,173.0,2.06,2.06,0.0,0.0
370.0,139.0,357.0,166.0,363.0,152.0,-1.0,-1.0,0.0,0.0
385.0,165.0,362.0,166.0,373.0,165.0,-1.0,-1.0,0.0,0.0
359.0,166.0,359.0,166.0,359.0,166.0,2.08,2.08,0.0,0.0
391.0,172.0,363.0,174.0,377.0,173.0,-1.0,-1.0,0.0,0.0
383.0,163.0,350.0,170.0,366.0,166.0,-1.0,-1.0,0.0,0.0
339.0,154.0,339.0,154.0,339.0,154.0,2.09,2.09,0.0,0.0
328.0,147.0,304.0,119.0,316.0,133.0,-1.0,-1.0,0.0,0.0
246.0,117.0,265.0,98.0,255.0,107.0,-1.0,-1.0,0.0,0.0
230.0,92.0,230.0,92.0,230.0,92.0,2.04,2.04,0.0,0.0
193.0,93.0,194.0,87.0,193.0,90.0,-1.0,-1.0,0.0,0.0
184.0,104.0,187.0,91.0,185.0,97.0,-1.0,-1.0,0.0,0.0
-1.0,-1.0,-1.0,-1.0,-1.0,-1.0,-1.0,-1.0,-1.0,-1.0
167.0,88.0,186.0,89.0,176.0,88.0,-1.0,-1.0,0.0,0.0
173.0,87.0,187.0,90.0,180.0,88.0,-1.0,-1.0,0.0,0.0
-1.0,-1.0,-1.0,-1.0,-1.0,-1.0,-1.0,-1.0,-1.0,-1.0
-1.0,-1.0,-1.0,-1.0,-1.0,-1.0,-1.0,-1.0,-1.0,-1.0
163.0,73.0,163.0,73.0,163.0,73.0,-1.0,-1.0,0.0,0.0
-1.0,-1.0,-1.0,-1.0,-1.0,-1.0,-1.0,-1.0,-1.0,-1.0
197.0,98.0,186.0,89.0,191.0,93.0,-1.0,-1.0,0.0,0.0
201.0,112.0,201.0,112.0,201.0,112.0,-1.0,-1.0,0.0,0.0
201.0,112.0,186.0,79.0,193.0,95.0,1.78,2.03,0.0,0.0
202.0,114.0,190.0,70.0,196.0,92.0,-1.0,-1.0,0.0,0.0
196.0,112.0,188.0,85.0,192.0,98.0,-1.0,-1.0,0.0,0.0
184.0,85.0,184.0,85.0,184.0,85.0,2.12,2.12,0.0,0.0
188.0,109.0,186.0,90.0,187.0,99.0,-1.0,-1.0,0.0,0.0
188.0,106.0,186.0,84.0,187.0,95.0,-1.0,-1.0,0.0,0.0
183.0,79.0,183.0,79.0,183.0,79.0,2.0,2.0,0.0,0.0
195.0,105.0,185.0,75.0,190.0,90.0,-1.0,-1.0,0.0,0.0
193.0,102.0,189.0,81.0,191.0,91.0,-1.0,-1.0,0.0,0.0
-1.0,-1.0,-1.0,-1.0,-1.0,-1.0,-1.0,-1.0,-1.0,-1.0
179.0,105.0,184.0,63.0,181.0,84.0,-1.0,-1.0,0.0,0.0
186.0,111.0,188.0,75.0,187.0,93.0,-1.0,-1.0,0.0,0.0
190.0,117.0,193.0,83.0,191.0,100.0,1.69,2.05,0.0,0.0
196.0,117.0,192.0,82.0,194.0,99.0,-1.0,-1.0,0.0,0.0
213.0,125.0,184.0,71.0,198.0,98.0,-1.0,-1.0,0.0,0.0
192.0,96.0,192.0,96.0,192.0,96.0,1.97,1.97,0.0,0.0
188.0,93.0,188.0,93.0,188.0,93.0,-1.0,-1.0,0.0,0.0
197.0,127.0,187.0,91.0,192.0,109.0,-1.0,-1.0,0.0,0.0
208.0,115.0,208.0,115.0,208.0,115.0,1.63,1.63,0.0,0.0
204.0,112.0,204.0,112.0,204.0,112.0,-1.0,-1.0,0.0,0.0
215.0,137.0,204.0,118.0,209.0,127.0,-1.0,-1.0,0.0,0.0
202.0,129.0,202.0,129.0,202.0,129.0,2.06,2.06,0.0,0.0
189.0,119.0,189.0,119.0,189.0,119.0,-1.0,-1.0,0.0,0.0
221.0,172.0,189.0,119.0,205.0,145.0,-1.0,-1.0,0.0,0.0
213.0,139.0,213.0,139.0,213.0,139.0,1.98,1.98,0.0,0.0
218.0,125.0,218.0,125.0,218.0,125.0,-1.0,-1.0,0.0,0.0
221.0,160.0,217.0,130.0,219.0,145.0,-1.0,-1.0,0.0,0.0
207.0,83.0,207.0,83.0,207.0,83.0,2.06,2.06,0.0,0.0
210.0,127.0,210.0,127.0,210.0,127.0,-1.0,-1.0,0.0,0.0
226.0,157.0,215.0,111.0,220.0,134.0,-1.0,-1.0,0.0,0.0
226.0,157.0,213.0,114.0,219.0,135.0,1.64,2.13,0.0,0.0
233.0,161.0,211.0,112.0,222.0,136.0,-1.0,-1.0,0.0,0.0
226.0,159.0,204.0,111.0,215.0,135.0,-1.0,-1.0,0.0,0.0
191.0,97.0,191.0,97.0,191.0,97.0,2.07,2.07,0.0,0.0
161.0,151.0,164.0,77.0,162.0,114.0,-1.0,-1.0,0.0,0.0
133.0,151.0,133.0,67.0,133.0,109.0,-1.0,-1.0,0.0,0.0
133.0,140.0,123.0,51.0,128.0,95.0,1.75,2.1,0.0,0.0
116.0,84.0,116.0,84.0,116.0,84.0,-1.0,-1.0,0.0,0.0
130.0,131.0,121.0,97.0,125.0,114.0,-1.0,-1.0,0.0,0.0
136.0,136.0,119.0,100.0,127.0,118.0,1.81,2.06,0.0,0.0
117.0,58.0,117.0,58.0,117.0,58.0,-1.0,-1.0,0.0,0.0
152.0,146.0,118.0,73.0,135.0,109.0,-1.0,-1.0,0.0,0.0
153.0,145.0,137.0,82.0,145.0,113.0,1.81,1.98,0.0,0.0
117.0,106.0,117.0,106.0,117.0,106.0,-1.0,-1.0,0.0,0.0
141.0,127.0,143.0,103.0,142.0,115.0,-1.0,-1.0,0.0,0.0
131.0,124.0,125.0,103.0,128.0,113.0,1.72,2.15,0.0,0.0
126.0,89.0,126.0,89.0,126.0,89.0,-1.0,-1.0,0.0,0.0
130.0,121.0,129.0,89.0,129.0,105.0,-1.0,-1.0,0.0,0.0
131.0,133.0,116.0,65.0,123.0,99.0,1.79,2.12,0.0,0.0
122.0,90.0,122.0,90.0,122.0,90.0,-1.0,-1.0,0.0,0.0
139.0,149.0,114.0,89.0,126.0,119.0,-1.0,-1.0,0.0,0.0
143.0,130.0,120.0,92.0,131.0,111.0,1.84,2.21,0.0,0.0
136.0,71.0,136.0,71.0,136.0,71.0,-1.0,-1.0,0.0,0.0
138.0,121.0,136.0,71.0,137.0,96.0,-1.0,-1.0,0.0,0.0
134.0,94.0,134.0,94.0,134.0,94.0,2.22,2.22,0.0,0.0
127.0,106.0,127.0,106.0,127.0,106.0,-1.0,-1.0,0.0,0.0
140.0,131.0,120.0,105.0,130.0,118.0,-1.0,-1.0,0.0,0.0
132.0,105.0,132.0,105.0,132.0,105.0,2.22,2.22,0.0,0.0
132.0,83.0,132.0,83.0,132.0,83.0,-1.0,-1.0,0.0,0.0
147.0,138.0,132.0,83.0,139.0,110.0,-1.0,-1.0,0.0,0.0
-1.0,-1.0,-1.0,-1.0,-1.0,-1.0,-1.0,-1.0,-1.0,-1.0
147.0,138.0,140.0,126.0,143.0,132.0,-1.0,-1.0,0.0,0.0
145.0,127.0,133.0,127.0,139.0,127.0,-1.0,-1.0,0.0,0.0
100.0,91.0,133.0,131.0,116.0,111.0,1.89,2.29,0.0,0.0
-1.0,-1.0,-1.0,-1.0,-1.0,-1.0,-1.0,-1.0,-1.0,-1.0
138.0,71.0,133.0,132.0,135.0,101.0,-1.0,-1.0,0.0,0.0
236.0,99.0,236.0,99.0,236.0,99.0,2.24,2.24,0.0,0.0
239.0,113.0,293.0,111.0,266.0,112.0,-1.0,-1.0,0.0,0.0
319.0,151.0,292.0,113.0,305.0,132.0,-1.0,-1.0,0.0,0.0
301.0,115.0,301.0,115.0,301.0,115.0,2.2,2.2,0.0,0.0
-1.0,-1.0,-1.0,-1.0,-1.0,-1.0,-1.0,-1.0,-1.0,-1.0
323.0,144.0,309.0,113.0,316.0,128.0,-1.0,-1.0,0.0,0.0
302.0,108.0,302.0,108.0,302.0,108.0,2.24,2.24,0.0,0.0
327.0,142.0,304.0,109.0,315.0,125.0,-1.0,-1.0,0.0,0.0
328.0,144.0,297.0,95.0,312.0,119.0,-1.0,-1.0,0.0,0.0
291.0,99.0,291.0,99.0,291.0,99.0,2.29,2.29,0.0,0.0
329.0,149.0,294.0,96.0,311.0,122.0,-1.0,-1.0,0.0,0.0
326.0,171.0,294.0,96.0,310.0,133.0,-1.0,-1.0,0.0,0.0
300.0,101.0,300.0,101.0,300.0,101.0,2.17,2.17,0.0,0.0
333.0,172.0,310.0,107.0,321.0,139.0,-1.0,-1.0,0.0,0.0
335.0,167.0,299.0,105.0,317.0,136.0,-1.0,-1.0,0.0,0.0
306.0,113.0,306.0,113.0,306.0,113.0,2.25,2.25,0.0,0.0
336.0,169.0,294.0,107.0,315.0,138.0,-1.0,-1.0,0.0,0.0
337.0,169.0,299.0,104.0,318.0,136.0,-1.0,-1.0,0.0,0.0
296.0,105.0,296.0,105.0,296.0,105.0,2.21,2.21,0.0,0.0
332.0,175.0,306.0,106.0,319.0,140.0,-1.0,-1.0,0.0,0.0
320.0,163.0,307.0,100.0,313.0,131.0,-1.0,-1.0,0.0,0.0
307.0,99.0,307.0,99.0,307.0,99.0,2.23,2.23,0.0,0.0
323.0,161.0,312.0,102.0,317.0,131.0,-1.0,-1.0,0.0,0.0
354.0,197.0,292.0,89.0,323.0,143.0,-1.0,-1.0,0.0,0.0
319.0,109.0,319.0,109.0,319.0,109.0,2.17,2.17,0.0,0.0
336.0,159.0,313.0,111.0,324.0,135.0,-1.0,-1.0,0.0,0.0
331.0,147.0,318.0,114.0,324.0,130.0,-1.0,-1.0,0.0,0.0
304.0,100.0,304.0,100.0,304.0,100.0,2.26,2.26,0.0,0.0
335.0,150.0,296.0,91.0,315.0,120.0,-1.0,-1.0,0.0,0.0
337.0,149.0,293.0,99.0,315.0,124.0,-1.0,-1.0,0.0,0.0
295.0,99.0,295.0,99.0,295.0,99.0,2.3,2.3,0.0,0.0
325.0,149.0,304.0,119.0,314.0,134.0,-1.0,-1.0,0.0,0.0
322.0,155.0,294.0,113.0,308.0,134.0,-1.0,-1.0,0.0,0.0
296.0,109.0,296.0,109.0,296.0,109.0,2.24,2.24,0.0,0.0
322.0,163.0,298.0,104.0,310.0,133.0,-1.0,-1.0,0.0,0.0
319.0,160.0,311.0,90.0,315.0,125.0,-1.0,-1.0,0.0,0.0
311.0,96.0,311.0,96.0,311.0,96.0,2.23,2.23,0.0,0.0
318.0,165.0,299.0,85.0,308.0,125.0,-1.0,-1.0,0.0,0.0
296.0,162.0,299.0,85.0,297.0,123.0,-1.0,-1.0,0.0,0.0
290.0,85.0,290.0,85.0,290.0,85.0,2.29,2.29,0.0,0.0
304.0,150.0,280.0,81.0,292.0,115.0,-1.0,-1.0,0.0,0.0
324.0,151.0,280.0,90.0,302.0,120.0,-1.0,-1.0,0.0,0.0
288.0,89.0,288.0,89.0,288.0,89.0,2.22,2.22,0.0,0.0
314.0,141.0,296.0,96.0,305.0,118.0,-1.0,-1.0,0.0,0.0
321.0,160.0,296.0,90.0,308.0,125.0,-1.0,-1.0,0.0,0.0
299.0,87.0,299.0,87.0,299.0,87.0,2.25,2.25,0.0,0.0
321.0,171.0,306.0,90.0,313.0,130.0,-1.0,-1.0,0.0,0.0
328.0,164.0,304.0,94.0,316.0,129.0,-1.0,-1.0,0.0,0.0
301.0,93.0,301.0,93.0,301.0,93.0,2.33,2.33,0.0,0.0
334.0,154.0,301.0,96.0,317.0,125.0,-1.0,-1.0,0.0,0.0
330.0,142.0,310.0,110.0,320.0,126.0,-1.0,-1.0,0.0,0.0
324.0,146.0,310.0,110.0,317.0,128.0,2.06,2.31,0.0,0.0
321.0,138.0,294.0,82.0,307.0,110.0,-1.0,-1.0,0.0,0.0
318.0,147.0,295.0,88.0,306.0,117.0,-1.0,-1.0,0.0,0.0
297.0,73.0,297.0,73.0,297.0,73.0,2.08,2.08,0.0,0.0
318.0,155.0,296.0,109.0,307.0,132.0,-1.0,-1.0,0.0,0.0
318.0,148.0,296.0,95.0,307.0,121.0,-1.0,-1.0,0.0,0.0
295.0,91.0,295.0,91.0,295.0,91.0,2.28,2.28,0.0,0.0
342.0,149.0,322.0,102.0,332.0,125.0,-1.0,-1.0,0.0,0.0
396.0,163.0,353.0,112.0,374.0,137.0,-1.0,-1.0,0.0,0.0
405.0,133.0,383.0,113.0,394.0,123.0,1.83,2.18,0.0,0.0
405.0,133.0,401.0,130.0,403.0,131.0,-1.0,-1.0,0.0,0.0
421.0,169.0,394.0,131.0,407.0,150.0,-1.0,-1.0,0.0,0.0
416.0,162.0,398.0,121.0,407.0,141.0,1.67,2.24,0.0,0.0
420.0,154.0,405.0,102.0,412.0,128.0,-1.0,-1.0,0.0,0.0
420.0,150.0,400.0,102.0,410.0,126.0,-1.0,-1.0,0.0,0.0
394.0,107.0,394.0,107.0,394.0,107.0,2.22,2.22,0.0,0.0
422.0,154.0,392.0,112.0,407.0,133.0,-1.0,-1.0,0.0,0.0
422.0,148.0,396.0,113.0,409.0,130.0,-1.0,-1.0,0.0,0.0
463.0,117.0,397.0,104.0,430.0,110.0,3.16,2.24,0.0,0.0
431.0,162.0,400.0,97.0,415.0,129.0,-1.0,-1.0,0.0,0.0
437.0,159.0,396.0,95.0,416.0,127.0,-1.0,-1.0,0.0,0.0
400.0,98.0,400.0,98.0,400.0,98.0,2.22,2.22,0.0,0.0
459.0,117.0,390.0,85.0,424.0,101.0,-1.0,-1.0,0.0,0.0
446.0,117.0,400.0,80.0,423.0,98.0,-1.0,-1.0,0.0,0.0
423.0,147.0,403.0,84.0,413.0,115.0,2.04,2.24,0.0,0.0
428.0,136.0,414.0,90.0,421.0,113.0,-1.0,-1.0,0.0,0.0
425.0,131.0,411.0,102.0,418.0,116.0,-1.0,-1.0,0.0,0.0
425.0,143.0,407.0,111.0,416.0,127.0,1.98,2.22,0.0,0.0
420.0,138.0,408.0,116.0,414.0,127.0,-1.0,-1.0,0.0,0.0
431.0,141.0,408.0,117.0,419.0,129.0,-1.0,-1.0,0.0,0.0
408.0,117.0,408.0,117.0,408.0,117.0,2.24,2.24,0.0,0.0
438.0,140.0,410.0,123.0,424.0,131.0,-1.0,-1.0,0.0,0.0
433.0,139.0,407.0,99.0,420.0,119.0,-1.0,-1.0,0.0,0.0
401.0,101.0,401.0,101.0,401.0,101.0,2.28,2.28,0.0,0.0
432.0,145.0,406.0,102.0,419.0,123.0,-1.0,-1.0,0.0,0.0
425.0,127.0,405.0,112.0,415.0,119.0,-1.0,-1.0,0.0,0.0
-1.0,-1.0,-1.0,-1.0,-1.0,-1.0,-1.0,-1.0,-1.0,-1.0
425.0,127.0,398.0,114.0,411.0,120.0,-1.0,-1.0,0.0,0.0
429.0,145.0,395.0,108.0,412.0,126.0,-1.0,-1.0,0.0,0.0
399.0,107.0,399.0,107.0,399.0,107.0,2.22,2.22,0.0,0.0
432.0,141.0,399.0,109.0,415.0,125.0,-1.0,-1.0,0.0,0.0
417.0,137.0,400.0,97.0,408.0,117.0,-1.0,-1.0,0.0,0.0
422.0,156.0,393.0,96.0,407.0,126.0,1.85,2.21,0.0,0.0
423.0,157.0,387.0,96.0,405.0,126.0,-1.0,-1.0,0.0,0.0
420.0,153.0,388.0,98.0,404.0,125.0,-1.0,-1.0,0.0,0.0
394.0,95.0,394.0,95.0,394.0,95.0,2.19,2.19,0.0,0.0
418.0,148.0,404.0,106.0,411.0,127.0,-1.0,-1.0,0.0,0.0
424.0,151.0,406.0,102.0,415.0,126.0,-1.0,-1.0,0.0,0.0
444.0,147.0,402.0,100.0,423.0,123.0,1.96,2.2,0.0,0.0
439.0,140.0,407.0,96.0,423.0,118.0,-1.0,-1.0,0.0,0.0
433.0,132.0,404.0,99.0,418.0,115.0,-1.0,-1.0,0.0,0.0
434.0,126.0,434.0,126.0,434.0,126.0,2.1,2.1,0.0,0.0
434.0,134.0,405.0,100.0,419.0,117.0,-1.0,-1.0,0.0,0.0
441.0,147.0,408.0,96.0,424.0,121.0,-1.0,-1.0,0.0,0.0
439.0,156.0,408.0,96.0,423.0,126.0,1.91,2.17,0.0,0.0
439.0,155.0,405.0,91.0,422.0,123.0,-1.0,-1.0,0.0,0.0
440.0,152.0,401.0,92.0,420.0,122.0,-1.0,-1.0,0.0,0.0
438.0,155.0,438.0,155.0,438.0,155.0,2.72,2.72,0.0,0.0
440.0,155.0,397.0,89.0,418.0,122.0,-1.0,-1.0,0.0,0.0
430.0,163.0,401.0,81.0,415.0,122.0,-1.0,-1.0,0.0,0.0
407.0,87.0,407.0,87.0,407.0,87.0,2.2,2.2,0.0,0.0
433.0,160.0,411.0,110.0,422.0,135.0,-1.0,-1.0,0.0,0.0
435.0,150.0,410.0,112.0,422.0,131.0,-1.0,-1.0,0.0,0.0
406.0,96.0,406.0,96.0,406.0,96.0,2.19,2.19,0.0,0.0
428.0,153.0,405.0,99.0,416.0,126.0,-1.0,-1.0,0.0,0.0
433.0,164.0,406.0,104.0,419.0,134.0,-1.0,-1.0,0.0,0.0
406.0,104.0,406.0,104.0,406.0,104.0,2.22,2.22,0.0,0.0
430.0,162.0,404.0,111.0,417.0,136.0,-1.0,-1.0,0.0,0.0
434.0,146.0,404.0,110.0,419.0,128.0,-1.0,-1.0,0.0,0.0
405.0,97.0,405.0,97.0,405.0,97.0,2.14,2.14,0.0,0.0
437.0,148.0,405.0,106.0,421.0,127.0,-1.0,-1.0,0.0,0.0
436.0,152.0,405.0,103.0,420.0,127.0,-1.0,-1.0,0.0,0.0
398.0,97.0,398.0,97.0,398.0,97.0,2.15,2.15,0.0,0.0
439.0,157.0,408.0,100.0,423.0,128.0,-1.0,-1.0,0.0,0.0
443.0,159.0,407.0,101.0,425.0,130.0,-1.0,-1.0,0.0,0.0
419.0,110.0,419.0,110.0,419.0,110.0,2.23,2.23,0.0,0.0
476.0,151.0,431.0,107.0,453.0,129.0,-1.0,-1.0,0.0,0.0
498.0,150.0,465.0,99.0,481.0,124.0,-1.0,-1.0,0.0,0.0
498.0,150.0,486.0,78.0,492.0,114.0,2.53,1.99,0.0,0.0
512.0,151.0,494.0,75.0,503.0,113.0,-1.0,-1.0,0.0,0.0
518.0,161.0,495.0,103.0,506.0,132.0,-1.0,-1.0,0.0,0.0
-1.0,-1.0,-1.0,-1.0,-1.0,-1.0,-1.0,-1.0,-1.0,-1.0
525.0,153.0,496.0,105.0,510.0,129.0,-1.0,-1.0,0.0,0.0
521.0,153.0,499.0,107.0,510.0,130.0,-1.0,-1.0,0.0,0.0
521.0,153.0,503.0,108.0,512.0,130.0,1.92,2.15,0.0,0.0
511.0,161.0,502.0,105.0,506.0,133.0,-1.0,-1.0,0.0,0.0
513.0,159.0,508.0,107.0,510.0,133.0,-1.0,-1.0,0.0,0.0
497.0,95.0,497.0,95.0,497.0,95.0,2.2,2.2,0.0,0.0
558.0,224.0,500.0,94.0,529.0,159.0,-1.0,-1.0,0.0,0.0
560.0,226.0,501.0,107.0,530.0,166.0,-1.0,-1.0,0.0,0.0
-1.0,-1.0,-1.0,-1.0,-1.0,-1.0,-1.0,-1.0,-1.0,-1.0
529.0,162.0,501.0,113.0,515.0,137.0,-1.0,-1.0,0.0,0.0
526.0,168.0,499.0,114.0,512.0,141.0,-1.0,-1.0,0.0,0.0
503.0,111.0,503.0,111.0,503.0,111.0,2.16,2.16,0.0,0.0
524.0,170.0,503.0,111.0,513.0,140.0,-1.0,-1.0,0.0,0.0
536.0,167.0,503.0,112.0,519.0,139.0,-1.0,-1.0,0.0,0.0
496.0,114.0,496.0,114.0,496.0,114.0,2.16,2.16,0.0,0.0
528.0,162.0,496.0,113.0,512.0,137.0,-1.0,-1.0,0.0,0.0
526.0,162.0,492.0,106.0,509.0,134.0,-1.0,-1.0,0.0,0.0
-1.0,-1.0,-1.0,-1.0,-1.0,-1.0,-1.0,-1.0,-1.0,-1.0
524.0,157.0,504.0,101.0,514.0,129.0,-1.0,-1.0,0.0,0.0
516.0,164.0,501.0,106.0,508.0,135.0,-1.0,-1.0,0.0,0.0
-1.0,-1.0,-1.0,-1.0,-1.0,-1.0,-1.0,-1.0,-1.0,-1.0
513.0,171.0,510.0,101.0,511.0,136.0,-1.0,-1.0,0.0,0.0
514.0,154.0,506.0,97.0,510.0,125.0,-1.0,-1.0,0.0,0.0
520.0,102.0,520.0,102.0,520.0,102.0,2.25,2.25,0.0,0.0
543.0,142.0,553.0,115.0,548.0,128.0,-1.0,-1.0,0.0,0.0
626.0,147.0,603.0,117.0,614.0,132.0,-1.0,-1.0,0.0,0.0
640.0,160.0,617.0,121.0,628.0,140.0,2.04,2.15,0.0,0.0
650.0,173.0,618.0,123.0,634.0,148.0,-1.0,-1.0,0.0,0.0
662.0,193.0,612.0,123.0,637.0,158.0,-1.0,-1.0,0.0,0.0
615.0,95.0,615.0,95.0,615.0,95.0,2.0,2.0,0.0,0.0
645.0,167.0,615.0,92.0,630.0,129.0,-1.0,-1.0,0.0,0.0
643.0,169.0,635.0,130.0,639.0,149.0,-1.0,-1.0,0.0,0.0
-1.0,-1.0,-1.0,-1.0,-1.0,-1.0,-1.0,-1.0,-1.0,-1.0
641.0,151.0,634.0,128.0,637.0,139.0,-1.0,-1.0,0.0,0.0
641.0,155.0,617.0,120.0,629.0,137.0,-1.0,-1.0,0.0,0.0
606.0,113.0,606.0,113.0,606.0,113.0,2.2,2.2,0.0,0.0
652.0,160.0,608.0,116.0,630.0,138.0,-1.0,-1.0,0.0,0.0
677.0,172.0,615.0,114.0,646.0,143.0,-1.0,-1.0,0.0,0.0
648.0,159.0,648.0,159.0,648.0,159.0,2.22,2.22,0.0,0.0
630.0,159.0,616.0,107.0,623.0,133.0,-1.0,-1.0,0.0,0.0
630.0,158.0,611.0,102.0,620.0,130.0,-1.0,-1.0,0.0,0.0
630.0,158.0,614.0,88.0,622.0,123.0,2.84,2.2,0.0,0.0
638.0,157.0,611.0,90.0,624.0,123.0,-1.0,-1.0,0.0,0.0
-1.0,-1.0,-1.0,-1.0,-1.0,-1.0,-1.0,-1.0,-1.0,-1.0
635.0,160.0,616.0,103.0,625.0,131.0,1.87,2.17,0.0,0.0
635.0,161.0,619.0,104.0,627.0,132.0,-1.0,-1.0,0.0,0.0
-1.0,-1.0,-1.0,-1.0,-1.0,-1.0,-1.0,-1.0,-1.0,-1.0
618.0,115.0,618.0,115.0,618.0,115.0,2.19,2.19,0.0,0.0
645.0,180.0,622.0,118.0,633.0,149.0,-1.0,-1.0,0.0,0.0
639.0,169.0,630.0,127.0,634.0,148.0,-1.0,-1.0,0.0,0.0
-1.0,-1.0,-1.0,-1.0,-1.0,-1.0,-1.0,-1.0,-1.0,-1.0
642.0,168.0,626.0,138.0,634.0,153.0,-1.0,-1.0,0.0,0.0
646.0,200.0,636.0,134.0,641.0,167.0,-1.0,-1.0,0.0,0.0
-1.0,-1.0,-1.0,-1.0,-1.0,-1.0,-1.0,-1.0,-1.0,-1.0
645.0,181.0,626.0,121.0,635.0,151.0,-1.0,-1.0,0.0,0.0
608.0,173.0,616.0,125.0,612.0,149.0,-1.0,-1.0,0.0,0.0
610.0,117.0,610.0,117.0,610.0,117.0,2.2,2.2,0.0,0.0
608.0,173.0,616.0,114.0,612.0,143.0,-1.0,-1.0,0.0,0.0
639.0,172.0,626.0,118.0,632.0,145.0,-1.0,-1.0,0.0,0.0
-1.0,-1.0,-1.0,-1.0,-1.0,-1.0,-1.0,-1.0,-1.0,-1.0
650.0,170.0,633.0,122.0,641.0,146.0,-1.0,-1.0,0.0,0.0
606.0,178.0,634.0,130.0,620.0,154.0,-1.0,-1.0,0.0,0.0
644.0,180.0,634.0,130.0,639.0,155.0,2.52,2.2,0.0,0.0
642.0,182.0,630.0,134.0,636.0,158.0,-1.0,-1.0,0.0,0.0
654.0,164.0,612.0,128.0,633.0,146.0,-1.0,-1.0,0.0,0.0
621.0,130.0,621.0,130.0,621.0,130.0,1.81,1.81,0.0,0.0
654.0,160.0,627.0,133.0,640.0,146.0,-1.0,-1.0,0.0,0.0
652.0,166.0,633.0,129.0,642.0,147.0,-1.0,-1.0,0.0,0.0
-1.0,-1.0,-1.0,-1.0,-1.0,-1.0,-1.0,-1.0,-1.0,-1.0
663.0,149.0,655.0,126.0,659.0,137.0,-1.0,-1.0,0.0,0.0
698.0,142.0,715.0,126.0,706.0,134.0,-1.0,-1.0,0.0,0.0
-1.0,-1.0,-1.0,-1.0,-1.0,-1.0,-1.0,-1.0,-1.0,-1.0
734.0,157.0,735.0,119.0,734.0,138.0,-1.0,-1.0,0.0,0.0
744.0,171.0,744.0,127.0,744.0,149.0,-1.0,-1.0,0.0,0.0
749.0,169.0,749.0,169.0,749.0,169.0,2.03,2.03,0.0,0.0
756.0,157.0,762.0,126.0,759.0,141.0,-1.0,-1.0,0.0,0.0
-1.0,-1.0,-1.0,-1.0,-1.0,-1.0,-1.0,-1.0,-1.0,-1.0
-1.0,-1.0,-1.0,-1.0,-1.0,-1.0,-1.0,-1.0,-1.0,-1.0
758.0,167.0,751.0,126.0,754.0,146.0,-1.0,-1.0,0.0,0.0
759.0,168.0,746.0,117.0,752.0,142.0,-1.0,-1.0,0.0,0.0
759.0,170.0,759.0,170.0,759.0,170.0,1.89,1.89,0.0,0.0
751.0,157.0,751.0,133.0,751.0,145.0,-1.0,-1.0,0.0,0.0
744.0,151.0,750.0,142.0,747.0,146.0,-1.0,-1.0,0.0,0.0
-1.0,-1.0,-1.0,-1.0,-1.0,-1.0,-1.0,-1.0,-1.0,-1.0
744.0,160.0,751.0,126.0,747.0,143.0,-1.0,-1.0,0.0,0.0
753.0,158.0,757.0,135.0,755.0,146.0,-1.0,-1.0,0.0,0.0
-1.0,-1.0,-1.0,-1.0,-1.0,-1.0,-1.0,-1.0,-1.0,-1.0
738.0,151.0,749.0,141.0,743.0,146.0,-1.0,-1.0,0.0,0.0
742.0,150.0,733.0,134.0,737.0,142.0,-1.0,-1.0,0.0,0.0
727.0,133.0,727.0,133.0,727.0,133.0,2.1,2.1,0.0,0.0
770.0,130.0,723.0,130.0,746.0,130.0,-1.0,-1.0,0.0,0.0
760.0,137.0,733.0,132.0,746.0,134.0,-1.0,-1.0,0.0,0.0
742.0,132.0,742.0,132.0,742.0,132.0,2.1,2.1,0.0,0.0
737.0,145.0,754.0,143.0,745.0,144.0,-1.0,-1.0,0.0,0.0
741.0,135.0,732.0,128.0,736.0,131.0,-1.0,-1.0,0.0,0.0
733.0,119.0,733.0,119.0,733.0,119.0,2.14,2.14,0.0,0.0
747.0,140.0,746.0,120.0,746.0,130.0,-1.0,-1.0,0.0,0.0
747.0,136.0,754.0,122.0,750.0,129.0,-1.0,-1.0,0.0,0.0
742.0,122.0,742.0,122.0,742.0,122.0,2.14,2.14,0.0,0.0
744.0,141.0,752.0,128.0,748.0,134.0,-1.0,-1.0,0.0,0.0
736.0,157.0,735.0,122.0,735.0,139.0,-1.0,-1.0,0.0,0.0
745.0,122.0,745.0,122.0,745.0,122.0,1.96,1.96,0.0,0.0
771.0,145.0,802.0,99.0,786.0,122.0,-1.0,-1.0,0.0,0.0
866.0,120.0,871.0,120.0,868.0,120.0,-1.0,-1.0,0.0,0.0
-1.0,-1.0,-1.0,-1.0,-1.0,-1.0,-1.0,-1.0,-1.0,-1.0
871.0,132.0,865.0,110.0,868.0,121.0,-1.0,-1.0,0.0,0.0
873.0,135.0,862.0,97.0,867.0,116.0,-1.0,-1.0,0.0,0.0
855.0,101.0,855.0,101.0,855.0,101.0,2.1,2.1,0.0,0.0
876.0,124.0,878.0,131.0,877.0,127.0,-1.0,-1.0,0.0,0.0
876.0,129.0,868.0,120.0,872.0,124.0,-1.0,-1.0,0.0,0.0
879.0,133.0,879.0,133.0,879.0,133.0,2.11,2.11,0.0,0.0
875.0,134.0,873.0,98.0,874.0,116.0,-1.0,-1.0,0.0,0.0
870.0,119.0,875.0,100.0,872.0,109.0,-1.0,-1.0,0.0,0.0
877.0,107.0,877.0,107.0,877.0,107.0,2.12,2.12,0.0,0.0
869.0,122.0,875.0,113.0,872.0,117.0,-1.0,-1.0,0.0,0.0
888.0,128.0,863.0,119.0,875.0,123.0,-1.0,-1.0,0.0,0.0
888.0,128.0,863.0,119.0,875.0,123.0,2.93,2.0,0.0,0.0
884.0,121.0,864.0,116.0,874.0,118.0,-1.0,-1.0,0.0,0.0
870.0,115.0,881.0,126.0,875.0,120.0,-1.0,-1.0,0.0,0.0
881.0,126.0,881.0,126.0,881.0,126.0,2.02,2.02,0.0,0.0
869.0,111.0,880.0,141.0,874.0,126.0,-1.0,-1.0,0.0,0.0
870.0,117.0,859.0,134.0,864.0,125.0,-1.0,-1.0,0.0,0.0
863.0,120.0,863.0,120.0,863.0,120.0,2.1,2.1,0.0,0.0
873.0,134.0,868.0,116.0,870.0,125.0,-1.0,-1.0,0.0,0.0
880.0,120.0,876.0,127.0,878.0,123.0,-1.0,-1.0,0.0,0.0
876.0,127.0,876.0,127.0,876.0,127.0,2.17,2.17,0.0,0.0
888.0,122.0,869.0,123.0,878.0,122.0,-1.0,-1.0,0.0,0.0
891.0,120.0,871.0,111.0,881.0,115.0,-1.0,-1.0,0.0,0.0
878.0,115.0,878.0,115.0,878.0,115.0,2.17,2.17,0.0,0.0
882.0,95.0,878.0,108.0,880.0,101.0,-1.0,-1.0,0.0,0.0
875.0,115.0,869.0,110.0,872.0,112.0,-1.0,-1.0,0.0,0.0
869.0,110.0,869.0,110.0,869.0,110.0,2.15,2.15,0.0,0.0
887.0,127.0,867.0,113.0,877.0,120.0,-1.0,-1.0,0.0,0.0
894.0,109.0,868.0,117.0,881.0,113.0,-1.0,-1.0,0.0,0.0
868.0,117.0,868.0,117.0,868.0,117.0,1.94,1.94,0.0,0.0
875.0,102.0,873.0,111.0,874.0,106.0,-1.0,-1.0,0.0,0.0
869.0,111.0,874.0,104.0,871.0,107.0,-1.0,-1.0,0.0,0.0
-1.0,-1.0,-1.0,-1.0,-1.0,-1.0,-1.0,-1.0,-1.0,-1.0
875.0,106.0,865.0,99.0,870.0,102.0,-1.0,-1.0,0.0,0.0
875.0,100.0,864.0,96.0,869.0,98.0,-1.0,-1.0,0.0,0.0
861.0,88.0,861.0,88.0,861.0,88.0,2.16,2.16,0.0,0.0
870.0,89.0,872.0,103.0,871.0,96.0,-1.0,-1.0,0.0,0.0
872.0,94.0,870.0,99.0,871.0,96.0,-1.0,-1.0,0.0,0.0
872.0,94.0,871.0,107.0,871.0,100.0,2.04,2.17,0.0,0.0
879.0,95.0,878.0,117.0,878.0,106.0,-1.0,-1.0,0.0,0.0
890.0,92.0,882.0,114.0,886.0,103.0,-1.0,-1.0,0.0,0.0
890.0,92.0,882.0,114.0,886.0,103.0,3.1,2.09,0.0,0.0
884.0,102.0,883.0,118.0,883.0,110.0,-1.0,-1.0,0.0,0.0
874.0,108.0,865.0,131.0,869.0,119.0,-1.0,-1.0,0.0,0.0
865.0,131.0,865.0,131.0,865.0,131.0,1.87,1.87,0.0,0.0
878.0,116.0,856.0,123.0,867.0,119.0,-1.0,-1.0,0.0,0.0
873.0,106.0,871.0,128.0,872.0,117.0,-1.0,-1.0,0.0,0.0
866.0,121.0,866.0,121.0,866.0,121.0,2.14,2.14,0.0,0.0
873.0,94.0,871.0,112.0,872.0,103.0,-1.0,-1.0,0.0,0.0
868.0,100.0,866.0,89.0,867.0,94.0,-1.0,-1.0,0.0,0.0
859.0,107.0,859.0,107.0,859.0,107.0,2.15,2.15,0.0,0.0
862.0,103.0,860.0,116.0,861.0,109.0,-1.0,-1.0,0.0,0.0
867.0,98.0,887.0,110.0,877.0,104.0,-1.0,-1.0,0.0,0.0
-1.0,-1.0,-1.0,-1.0,-1.0,-1.0,-1.0,-1.0,-1.0,-1.0
865.0,99.0,876.0,111.0,870.0,105.0,-1.0,-1.0,0.0,0.0
877.0,109.0,860.0,117.0,868.0,113.0,-1.0,-1.0,0.0,0.0
856.0,120.0,856.0,120.0,856.0,120.0,2.2,2.2,0.0,0.0
891.0,113.0,852.0,81.0,871.0,97.0,-1.0,-1.0,0.0,0.0
873.0,110.0,859.0,93.0,866.0,101.0,-1.0,-1.0,0.0,0.0
865.0,90.0,865.0,90.0,865.0,90.0,2.06,2.06,0.0,0.0
866.0,104.0,872.0,115.0,869.0,109.0,-1.0,-1.0,0.0,0.0
883.0,119.0,870.0,111.0,876.0,115.0,-1.0,-1.0,0.0,0.0
863.0,115.0,863.0,115.0,863.0,115.0,2.15,2.15,0.0,0.0
901.0,110.0,876.0,109.0,888.0,109.0,-1.0,-1.0,0.0,0.0
930.0,94.0,923.0,108.0,926.0,101.0,-1.0,-1.0,0.0,0.0
937.0,102.0,962.0,103.0,949.0,102.0,1.85,2.18,0.0,0.0
982.0,111.0,999.0,100.0,990.0,105.0,-1.0,-1.0,0.0,0.0
1002.0,110.0,1002.0,110.0,1002.0,110.0,-1.0,-1.0,0.0,0.0
-1.0,-1.0,-1.0,-1.0,-1.0,-1.0,-1.0,-1.0,-1.0,-1.0
1001.0,107.0,998.0,103.0,999.0,105.0,-1.0,-1.0,0.0,0.0
-1.0,-1.0,-1.0,-1.0,-1.0,-1.0,-1.0,-1.0,-1.0,-1.0
991.0,89.0,991.0,89.0,991.0,89.0,2.18,2.18,0.0,0.0
989.0,112.0,1006.0,125.0,997.0,118.0,-1.0,-1.0,0.0,0.0
995.0,106.0,995.0,106.0,995.0,106.0,-1.0,-1.0,0.0,0.0
995.0,106.0,1006.0,125.0,1000.0,115.0,3.23,2.09,0.0,0.0
1011.0,103.0,989.0,60.0,1000.0,81.0,-1.0,-1.0,0.0,0.0
1011.0,106.0,1011.0,106.0,1011.0,106.0,-1.0,-1.0,0.0,0.0
999.0,39.0,999.0,39.0,999.0,39.0,2.03,2.03,0.0,0.0
1008.0,112.0,1002.0,99.0,1005.0,105.0,-1.0,-1.0,0.0,0.0
995.0,118.0,995.0,118.0,995.0,118.0,-1.0,-1.0,0.0,0.0
-1.0,-1.0,-1.0,-1.0,-1.0,-1.0,-1.0,-1.0,-1.0,-1.0
987.0,121.0,980.0,103.0,983.0,112.0,-1.0,-1.0,0.0,0.0
-1.0,-1.0,-1.0,-1.0,-1.0,-1.0,-1.0,-1.0,-1.0,-1.0
991.0,83.0,991.0,83.0,991.0,83.0,2.13,2.13,0.0,0.0
1001.0,118.0,1011.0,90.0,1006.0,104.0,-1.0,-1.0,0.0,0.0
1007.0,119.0,1007.0,119.0,1007.0,119.0,-1.0,-1.0,0.0,0.0
1012.0,87.0,1012.0,87.0,1012.0,87.0,2.15,2.15,0.0,0.0
1007.0,131.0,1007.0,80.0,1007.0,105.0,-1.0,-1.0,0.0,0.0
1006.0,135.0,1006.0,135.0,1006.0,135.0,-1.0,-1.0,0.0,0.0
1004.0,90.0,1004.0,90.0,1004.0,90.0,2.14,2.14,0.0,0.0
999.0,116.0,999.0,78.0,999.0,97.0,-1.0,-1.0,0.0,0.0
996.0,115.0,996.0,115.0,996.0,115.0,-1.0,-1.0,0.0,0.0
991.0,86.0,991.0,86.0,991.0,86.0,2.12,2.12,0.0,0.0
993.0,124.0,984.0,109.0,988.0,116.0,-1.0,-1.0,0.0,0.0
981.0,123.0,981.0,123.0,981.0,123.0,-1.0,-1.0,0.0,0.0
989.0,105.0,989.0,105.0,989.0,105.0,2.15,2.15,0.0,0.0
985.0,128.0,1008.0,127.0,996.0,127.0,-1.0,-1.0,0.0,0.0
993.0,122.0,993.0,122.0,993.0,122.0,-1.0,-1.0,0.0,0.0
1008.0,127.0,1008.0,127.0,1008.0,127.0,2.12,2.12,0.0,0.0
989.0,124.0,989.0,83.0,989.0,103.0,-1.0,-1.0,0.0,0.0
994.0,117.0,994.0,117.0,994.0,117.0,-1.0,-1.0,0.0,0.0
994.0,93.0,994.0,93.0,994.0,93.0,2.14,2.14,0.0,0.0
1002.0,119.0,1017.0,92.0,1009.0,105.0,-1.0,-1.0,0.0,0.0
1002.0,116.0,1002.0,116.0,1002.0,116.0,-1.0,-1.0,0.0,0.0
1002.0,116.0,1015.0,103.0,1008.0,109.0,2.84,2.14,0.0,0.0
998.0,110.0,993.0,145.0,995.0,127.0,-1.0,-1.0,0.0,0.0
986.0,106.0,986.0,106.0,986.0,106.0,-1.0,-1.0,0.0,0.0
986.0,106.0,993.0,145.0,989.0,125.0,2.96,2.19,0.0,0.0
970.0,72.0,1114.0,98.0,1042.0,85.0,-1.0,-1.0,0.0,0.0
1113.0,110.0,1151.0,78.0,1132.0,94.0,-1.0,-1.0,0.0,0.0
1181.0,57.0,1181.0,57.0,1181.0,57.0,1.98,1.98,0.0,0.0
1156.0,100.0,1210.0,33.0,1183.0,66.0,-1.0,-1.0,0.0,0.0
1173.0,106.0,1173.0,106.0,1173.0,106.0,-1.0,-1.0,0.0,0.0
1197.0,70.0,1197.0,70.0,1197.0,70.0,2.22,2.22,0.0,0.0
1170.0,126.0,1184.0,101.0,1177.0,113.0,-1.0,-1.0,0.0,0.0
1172.0,127.0,1172.0,127.0,1172.0,127.0,-1.0,-1.0,0.0,0.0
1176.0,102.0,1176.0,102.0,1176.0,102.0,2.2,2.2,0.0,0.0
1181.0,116.0,1175.0,97.0,1178.0,106.0,-1.0,-1.0,0.0,0.0
1174.0,109.0,1174.0,109.0,1174.0,109.0,-1.0,-1.0,0.0,0.0
1169.0,120.0,1169.0,120.0,1169.0,120.0,1.89,1.89,0.0,0.0
1175.0,122.0,1173.0,95.0,1174.0,108.0,-1.0,-1.0,0.0,0.0
1187.0,120.0,1173.0,95.0,1180.0,107.0,-1.0,-1.0,0.0,0.0
-1.0,-1.0,-1.0,-1.0,-1.0,-1.0,-1.0,-1.0,-1.0,-1.0
1185.0,123.0,1200.0,81.0,1192.0,102.0,-1.0,-1.0,0.0,0.0
1182.0,121.0,1223.0,67.0,1202.0,94.0,-1.0,-1.0,0.0,0.0
-1.0,-1.0,-1.0,-1.0,-1.0,-1.0,-1.0,-1.0,-1.0,-1.0
1162.0,114.0,1189.0,93.0,1175.0,103.0,-1.0,-1.0,0.0,0.0
1154.0,129.0,1213.0,81.0,1183.0,105.0,-1.0,-1.0,0.0,0.0
-1.0,-1.0,-1.0,-1.0,-1.0,-1.0,-1.0,-1.0,-1.0,-1.0
1170.0,118.0,1174.0,103.0,1172.0,110.0,-1.0,-1.0,0.0,0.0
1173.0,109.0,1174.0,103.0,1173.0,106.0,-1.0,-1.0,0.0,0.0
-1.0,-1.0,-1.0,-1.0,-1.0,-1.0,-1.0,-1.0,-1.0,-1.0
1167.0,121.0,1180.0,98.0,1173.0,109.0,-1.0,-1.0,0.0,0.0
1173.0,129.0,1180.0,98.0,1176.0,113.0,-1.0,-1.0,0.0,0.0
1171.0,136.0,1171.0,136.0,1171.0,136.0,1.67,1.67,0.0,0.0
1169.0,129.0,1193.0,79.0,1181.0,104.0,-1.0,-1.0,0.0,0.0
1162.0,117.0,1174.0,88.0,1168.0,102.0,-1.0,-1.0,0.0,0.0
-1.0,-1.0,-1.0,-1.0,-1.0,-1.0,-1.0,-1.0,-1.0,-1.0
1170.0,123.0,1168.0,96.0,1169.0,109.0,-1.0,-1.0,0.0,0.0
1172.0,119.0,1168.0,96.0,1170.0,107.0,-1.0,-1.0,0.0,0.0
-1.0,-1.0,-1.0,-1.0,-1.0,-1.0,-1.0,-1.0,-1.0,-1.0
1173.0,126.0,1200.0,101.0,1186.0,113.0,-1.0,-1.0,0.0,0.0
1190.0,126.0,1195.0,110.0,1192.0,118.0,-1.0,-1.0,0.0,0.0
1245.0,88.0,1245.0,88.0,1245.0,88.0,2.14,2.14,0.0,0.0
1228.0,120.0,1272.0,78.0,1250.0,99.0,-1.0,-1.0,0.0,0.0
1278.0,124.0,1290.0,81.0,1284.0,102.0,-1.0,-1.0,0.0,0.0
1294.0,63.0,1294.0,63.0,1294.0,63.0,2.11,2.11,0.0,0.0
1258.0,130.0,1304.0,71.0,1281.0,100.0,-1.0,-1.0,0.0,0.0
1256.0,132.0,1256.0,132.0,1256.0,132.0,-1.0,-1.0,0.0,0.0
1304.0,92.0,1304.0,92.0,1304.0,92.0,2.09,2.09,0.0,0.0
1260.0,133.0,1303.0,87.0,1281.0,110.0,-1.0,-1.0,0.0,0.0
1255.0,138.0,1255.0,138.0,1255.0,138.0,-1.0,-1.0,0.0,0.0
1281.0,84.0,1281.0,84.0,1281.0,84.0,2.08,2.08,0.0,0.0
1271.0,143.0,1283.0,86.0,1277.0,114.0,-1.0,-1.0,0.0,0.0
1262.0,140.0,1262.0,140.0,1262.0,140.0,-1.0,-1.0,0.0,0.0
1285.0,105.0,1285.0,105.0,1285.0,105.0,2.2,2.2,0.0,0.0
1255.0,124.0,1287.0,102.0,1271.0,113.0,-1.0,-1.0,0.0,0.0
1266.0,119.0,1266.0,119.0,1266.0,119.0,-1.0,-1.0,0.0,0.0
1290.0,99.0,1290.0,99.0,1290.0,99.0,2.1,2.1,0.0,0.0
1273.0,115.0,1290.0,104.0,1281.0,109.0,-1.0,-1.0,0.0,0.0
-1.0,-1.0,-1.0,-1.0,-1.0,-1.0,-1.0,-1.0,-1.0,-1.0
1290.0,105.0,1290.0,105.0,1290.0,105.0,2.11,2.11,0.0,0.0
1267.0,109.0,1285.0,96.0,1276.0,102.0,-1.0,-1.0,0.0,0.0
1274.0,97.0,1274.0,97.0,1274.0,97.0,-1.0,-1.0,0.0,0.0
-1.0,-1.0,-1.0,-1.0,-1.0,-1.0,-1.0,-1.0,-1.0,-1.0
1269.0,102.0,1294.0,114.0,1281.0,108.0,-1.0,-1.0,0.0,0.0
1268.0,103.0,1299.0,96.0,1283.0,99.0,-1.0,-1.0,0.0,0.0
1294.0,91.0,1294.0,91.0,1294.0,91.0,2.15,2.15,0.0,0.0
1278.0,102.0,1290.0,85.0,1284.0,93.0,-1.0,-1.0,0.0,0.0
1272.0,101.0,1288.0,87.0,1280.0,94.0,-1.0,-1.0,0.0,0.0
1272.0,101.0,1292.0,83.0,1282.0,92.0,1.58,2.08,0.0,0.0
1270.0,103.0,1290.0,82.0,1280.0,92.0,-1.0,-1.0,0.0,0.0
1272.0,111.0,1294.0,78.0,1283.0,94.0,-1.0,-1.0,0.0,0.0
1295.0,81.0,1295.0,81.0,1295.0,81.0,2.15,2.15,0.0,0.0
1267.0,108.0,1292.0,83.0,1279.0,95.0,-1.0,-1.0,0.0,0.0
1229.0,170.0,1229.0,170.0,1229.0,170.0,-1.0,-1.0,0.0,0.0
1307.0,53.0,1307.0,53.0,1307.0,53.0,2.09,2.09,0.0,0.0
1261.0,121.0,1307.0,53.0,1284.0,87.0,-1.0,-1.0,0.0,0.0
1266.0,109.0,1266.0,109.0,1266.0,109.0,-1.0,-1.0,0.0,0.0
1283.0,95.0,1283.0,95.0,1283.0,95.0,2.08,2.08,0.0,0.0
1268.0,108.0,1289.0,102.0,1278.0,105.0,-1.0,-1.0,0.0,0.0
1275.0,100.0,1275.0,100.0,1275.0,100.0,-1.0,-1.0,0.0,0.0
1300.0,105.0,1300.0,105.0,1300.0,105.0,2.09,2.09,0.0,0.0
1262.0,105.0,1301.0,110.0,1281.0,107.0,-1.0,-1.0,0.0,0.0
1253.0,103.0,1253.0,103.0,1253.0,103.0,-1.0,-1.0,0.0,0.0
1291.0,111.0,1291.0,111.0,1291.0,111.0,2.1,2.1,0.0,0.0
1263.0,128.0,1292.0,104.0,1277.0,116.0,-1.0,-1.0,0.0,0.0
1269.0,141.0,1269.0,141.0,1269.0,141.0,-1.0,-1.0,0.0,0.0
1286.0,105.0,1286.0,105.0,1286.0,105.0,2.09,2.09,0.0,0.0
1272.0,125.0,1280.0,113.0,1276.0,119.0,-1.0,-1.0,0.0,0.0
1268.0,117.0,1268.0,117.0,1268.0,117.0,-1.0,-1.0,0.0,0.0
1280.0,129.0,1280.0,129.0,1280.0,129.0,2.1,2.1,0.0,0.0
1272.0,107.0,1284.0,115.0,1278.0,111.0,-1.0,-1.0,0.0,0.0
1276.0,111.0,1276.0,111.0,1276.0,111.0,-1.0,-1.0,0.0,0.0
1320.0,99.0,1320.0,99.0,1320.0,99.0,2.11,2.11,0.0,0.0
1304.0,121.0,1393.0,87.0,1348.0,104.0,-1.0,-1.0,0.0,0.0
1387.0,99.0,1409.0,75.0,1398.0,87.0,-1.0,-1.0,0.0,0.0
1428.0,79.0,1428.0,79.0,1428.0,79.0,2.14,2.14,0.0,0.0
1394.0,83.0,1435.0,70.0,1414.0,76.0,-1.0,-1.0,0.0,0.0
1392.0,89.0,1425.0,84.0,1408.0,86.0,-1.0,-1.0,0.0,0.0
-1.0,-1.0,-1.0,-1.0,-1.0,-1.0,-1.0,-1.0,-1.0,-1.0
1399.0,90.0,1438.0,75.0,1418.0,82.0,-1.0,-1.0,0.0,0.0
1392.0,98.0,1392.0,98.0,1392.0,98.0,-1.0,-1.0,0.0,0.0
-1.0,-1.0,-1.0,-1.0,-1.0,-1.0,-1.0,-1.0,-1.0,-1.0
1387.0,113.0,1431.0,82.0,1409.0,97.0,-1.0,-1.0,0.0,0.0
1384.0,111.0,1384.0,111.0,1384.0,111.0,-1.0,-1.0,0.0,0.0
1422.0,143.0,1422.0,143.0,1422.0,143.0,2.19,2.19,0.0,0.0
1385.0,108.0,1411.0,139.0,1398.0,123.0,-1.0,-1.0,0.0,0.0
1384.0,109.0,1384.0,109.0,1384.0,109.0,-1.0,-1.0,0.0,0.0
-1.0,-1.0,-1.0,-1.0,-1.0,-1.0,-1.0,-1.0,-1.0,-1.0
1381.0,122.0,1408.0,150.0,1394.0,136.0,-1.0,-1.0,0.0,0.0
1383.0,129.0,1383.0,129.0,1383.0,129.0,-1.0,-1.0,0.0,0.0
1467.0,65.0,1467.0,65.0,1467.0,65.0,2.02,2.02,0.0,0.0
1387.0,133.0,1467.0,65.0,1427.0,99.0,-1.0,-1.0,0.0,0.0
1392.0,125.0,1392.0,125.0,1392.0,125.0,-1.0,-1.0,0.0,0.0
-1.0,-1.0,-1.0,-1.0,-1.0,-1.0,-1.0,-1.0,-1.0,-1.0
1403.0,129.0,1467.0,65.0,1435.0,97.0,-1.0,-1.0,0.0,0.0
1387.0,142.0,1387.0,142.0,1387.0,142.0,-1.0,-1.0,0.0,0.0
1365.0,175.0,1365.0,175.0,1365.0,175.0,2.28,2.28,0.0,0.0
1374.0,128.0,1360.0,182.0,1367.0,155.0,-1.0,-1.0,0.0,0.0
1373.0,128.0,1373.0,128.0,1373.0,128.0,-1.0,-1.0,0.0,0.0
-1.0,-1.0,-1.0,-1.0,-1.0,-1.0,-1.0,-1.0,-1.0,-1.0
1361.0,147.0,1352.0,184.0,1356.0,165.0,-1.0,-1.0,0.0,0.0
1379.0,146.0,1379.0,146.0,1379.0,146.0,-1.0,-1.0,0.0,0.0
1421.0,106.0,1421.0,106.0,1421.0,106.0,2.02,2.02,0.0,0.0
1388.0,141.0,1421.0,106.0,1404.0,123.0,-1.0,-1.0,0.0,0.0
1385.0,128.0,1385.0,128.0,1385.0,128.0,-1.0,-1.0,0.0,0.0
1445.0,90.0,1445.0,90.0,1445.0,90.0,2.0,2.0,0.0,0.0
1382.0,122.0,1445.0,90.0,1413.0,106.0,-1.0,-1.0,0.0,0.0
1374.0,128.0,1374.0,128.0,1374.0,128.0,-1.0,-1.0,0.0,0.0
1435.0,80.0,1435.0,80.0,1435.0,80.0,2.08,2.08,0.0,0.0
1374.0,129.0,1435.0,80.0,1404.0,104.0,-1.0,-1.0,0.0,0.0
1389.0,119.0,1389.0,119.0,1389.0,119.0,-1.0,-1.0,0.0,0.0
-1.0,-1.0,-1.0,-1.0,-1.0,-1.0,-1.0,-1.0,-1.0,-1.0
1399.0,109.0,1435.0,80.0,1417.0,94.0,-1.0,-1.0,0.0,0.0
1398.0,108.0,1398.0,108.0,1398.0,108.0,-1.0,-1.0,0.0,0.0
1425.0,85.0,1425.0,85.0,1425.0,85.0,2.1,2.1,0.0,0.0
1390.0,99.0,1425.0,85.0,1407.0,92.0,-1.0,-1.0,0.0,0.0
1391.0,90.0,1391.0,90.0,1391.0,90.0,-1.0,-1.0,0.0,0.0
1403.0,140.0,1403.0,140.0,1403.0,140.0,2.02,2.02,0.0,0.0
1412.0,99.0,1430.0,116.0,1421.0,107.0,-1.0,-1.0,0.0,0.0
1464.0,101.0,1464.0,101.0,1464.0,101.0,-1.0,-1.0,0.0,0.0
1476.0,110.0,1476.0,110.0,1476.0,110.0,2.05,2.05,0.0,0.0
1505.0,102.0,1519.0,122.0,1512.0,112.0,-1.0,-1.0,0.0,0.0
1516.0,101.0,1560.0,74.0,1538.0,87.0,-1.0,-1.0,0.0,0.0
1556.0,74.0,1556.0,74.0,1556.0,74.0,2.03,2.03,0.0,0.0
1530.0,82.0,1560.0,63.0,1545.0,72.0,-1.0,-1.0,0.0,0.0
1547.0,83.0,1547.0,83.0,1547.0,83.0,-1.0,-1.0,0.0,0.0
1531.0,120.0,1531.0,120.0,1531.0,120.0,2.07,2.07,0.0,0.0
1551.0,110.0,1529.0,124.0,1540.0,117.0,-1.0,-1.0,0.0,0.0
1541.0,111.0,1541.0,111.0,1541.0,111.0,-1.0,-1.0,0.0,0.0
1523.0,111.0,1523.0,111.0,1523.0,111.0,1.99,1.99,0.0,0.0
1517.0,129.0,1524.0,121.0,1520.0,125.0,-1.0,-1.0,0.0,0.0
1488.0,152.0,1488.0,152.0,1488.0,152.0,-1.0,-1.0,0.0,0.0
1501.0,163.0,1501.0,163.0,1501.0,163.0,1.99,1.99,0.0,0.0
1487.0,158.0,1497.0,185.0,1492.0,171.0,-1.0,-1.0,0.0,0.0
1472.0,167.0,1472.0,167.0,1472.0,167.0,-1.0,-1.0,0.0,0.0
1509.0,160.0,1509.0,160.0,1509.0,160.0,1.98,1.98,0.0,0.0
1470.0,192.0,1502.0,176.0,1486.0,184.0,-1.0,-1.0,0.0,0.0
1460.0,201.0,1460.0,201.0,1460.0,201.0,-1.0,-1.0,0.0,0.0
1480.0,206.0,1480.0,206.0,1480.0,206.0,1.99,1.99,0.0,0.0
1449.0,216.0,1472.0,203.0,1460.0,209.0,-1.0,-1.0,0.0,0.0
1431.0,225.0,1431.0,225.0,1431.0,225.0,-1.0,-1.0,0.0,0.0
1481.0,204.0,1481.0,204.0,1481.0,204.0,1.95,1.95,0.0,0.0
1429.0,226.0,1487.0,210.0,1458.0,218.0,-1.0,-1.0,0.0,0.0
1427.0,241.0,1427.0,241.0,1427.0,241.0,-1.0,-1.0,0.0,0.0
1492.0,217.0,1492.0,217.0,1492.0,217.0,1.93,1.93,0.0,0.0
1432.0,224.0,1488.0,217.0,1460.0,220.0,-1.0,-1.0,0.0,0.0
1434.0,219.0,1434.0,219.0,1434.0,219.0,-1.0,-1.0,0.0,0.0
1514.0,186.0,1514.0,186.0,1514.0,186.0,1.87,1.87,0.0,0.0
1430.0,218.0,1516.0,178.0,1473.0,198.0,-1.0,-1.0,0.0,0.0
1438.0,212.0,1438.0,212.0,1438.0,212.0,-1.0,-1.0,0.0,0.0
1519.0,164.0,1519.0,164.0,1519.0,164.0,1.99,1.99,0.0,0.0
1453.0,177.0,1517.0,154.0,1485.0,165.0,-1.0,-1.0,0.0,0.0
1484.0,147.0,1484.0,147.0,1484.0,147.0,-1.0,-1.0,0.0,0.0
1492.0,182.0,1492.0,182.0,1492.0,182.0,2.05,2.05,0.0,0.0
1487.0,139.0,1500.0,168.0,1493.0,153.0,-1.0,-1.0,0.0,0.0
1496.0,131.0,1496.0,131.0,1496.0,131.0,-1.0,-1.0,0.0,0.0
1488.0,159.0,1488.0,159.0,1488.0,159.0,2.08,2.08,0.0,0.0
1459.0,131.0,1468.0,137.0,1463.0,134.0,-1.0,-1.0,0.0,0.0
1436.0,128.0,1436.0,128.0,1436.0,128.0,-1.0,-1.0,0.0,0.0
1467.0,129.0,1467.0,129.0,1467.0,129.0,2.09,2.09,0.0,0.0
1455.0,118.0,1471.0,126.0,1463.0,122.0,-1.0,-1.0,0.0,0.0
1464.0,112.0,1464.0,112.0,1464.0,112.0,-1.0,-1.0,0.0,0.0
1465.0,122.0,1465.0,122.0,1465.0,122.0,2.14,2.14,0.0,0.0
1466.0,107.0,1467.0,120.0,1466.0,113.0,-1.0,-1.0,0.0,0.0
1471.0,95.0,1471.0,95.0,1471.0,95.0,-1.0,-1.0,0.0,0.0
-1.0,-1.0,-1.0,-1.0,-1.0,-1.0,-1.0,-1.0,-1.0,-1.0
1465.0,99.0,1468.0,109.0,1466.0,104.0,-1.0,-1.0,0.0,0.0
1464.0,107.0,1464.0,107.0,1464.0,107.0,-1.0,-1.0,0.0,0.0
1470.0,102.0,1470.0,102.0,1470.0,102.0,2.12,2.12,0.0,0.0
1464.0,113.0,1467.0,102.0,1465.0,107.0,-1.0,-1.0,0.0,0.0
1461.0,123.0,1461.0,123.0,1461.0,123.0,-1.0,-1.0,0.0,0.0
1471.0,108.0,1471.0,108.0,1471.0,108.0,2.16,2.16,0.0,0.0
1470.0,110.0,1482.0,117.0,1476.0,113.0,-1.0,-1.0,0.0,0.0
1504.0,90.0,1483.0,118.0,1493.0,104.0,-1.0,-1.0,0.0,0.0
1577.0,101.0,1577.0,101.0,1577.0,101.0,2.15,2.15,0.0,0.0
1566.0,96.0,1594.0,79.0,1580.0,87.0,-1.0,-1.0,0.0,0.0
1556.0,106.0,1594.0,79.0,1575.0,92.0,-1.0,-1.0,0.0,0.0
1586.0,80.0,1586.0,80.0,1586.0,80.0,2.12,2.12,0.0,0.0
1546.0,108.0,1597.0,94.0,1571.0,101.0,-1.0,-1.0,0.0,0.0
1564.0,103.0,1564.0,103.0,1564.0,103.0,-1.0,-1.0,0.0,0.0
1600.0,92.0,1600.0,92.0,1600.0,92.0,2.1,2.1,0.0,0.0
1563.0,107.0,1594.0,106.0,1578.0,106.0,-1.0,-1.0,0.0,0.0
1569.0,115.0,1569.0,115.0,1569.0,115.0,-1.0,-1.0,0.0,0.0
1592.0,124.0,1592.0,124.0,1592.0,124.0,2.12,2.12,0.0,0.0
1565.0,113.0,1609.0,110.0,1587.0,111.0,-1.0,-1.0,0.0,0.0
1563.0,118.0,1563.0,118.0,1563.0,118.0,-1.0,-1.0,0.0,0.0
1601.0,100.0,1601.0,100.0,1601.0,100.0,2.15,2.15,0.0,0.0
1568.0,116.0,1581.0,97.0,1574.0,106.0,-1.0,-1.0,0.0,0.0
1565.0,115.0,1565.0,115.0,1565.0,115.0,-1.0,-1.0,0.0,0.0
1590.0,90.0,1590.0,90.0,1590.0,90.0,2.12,2.12,0.0,0.0
1577.0,107.0,1596.0,93.0,1586.0,100.0,-1.0,-1.0,0.0,0.0
1585.0,96.0,1585.0,96.0,1585.0,96.0,-1.0,-1.0,0.0,0.0
1560.0,90.0,1560.0,90.0,1560.0,90.0,2.14,2.14,0.0,0.0
1484.0,91.0,1455.0,99.0,1469.0,95.0,-1.0,-1.0,0.0,0.0
1257.0,117.0,1429.0,105.0,1343.0,111.0,-1.0,-1.0,0.0,0.0
1353.0,132.0,1353.0,132.0,1353.0,132.0,2.1,2.1,0.0,0.0
1070.0,122.0,1094.0,153.0,1082.0,137.0,-1.0,-1.0,0.0,0.0
850.0,142.0,983.0,174.0,916.0,158.0,-1.0,-1.0,0.0,0.0
-1.0,-1.0,-1.0,-1.0,-1.0,-1.0,-1.0,-1.0,-1.0,-1.0
669.0,186.0,850.0,206.0,759.0,196.0,-1.0,-1.0,0.0,0.0
509.0,168.0,572.0,258.0,540.0,213.0,-1.0,-1.0,0.0,0.0
518.0,269.0,518.0,269.0,518.0,269.0,2.16,2.16,0.0,0.0
373.0,142.0,430.0,264.0,401.0,203.0,-1.0,-1.0,0.0,0.0
272.0,91.0,385.0,268.0,328.0,179.0,-1.0,-1.0,0.0,0.0
332.0,255.0,332.0,255.0,332.0,255.0,2.24,2.24,0.0,0.0
275.0,98.0,332.0,255.0,303.0,176.0,-1.0,-1.0,0.0,0.0
285.0,147.0,345.0,249.0,315.0,198.0,-1.0,-1.0,0.0,0.0
350.0,249.0,350.0,249.0,350.0,249.0,2.24,2.24,0.0,0.0
278.0,138.0,345.0,254.0,311.0,196.0,-1.0,-1.0,0.0,0.0
291.0,150.0,347.0,248.0,319.0,199.0,-1.0,-1.0,0.0,0.0
329.0,247.0,329.0,247.0,329.0,247.0,2.31,2.31,0.0,0.0
305.0,161.0,332.0,245.0,318.0,203.0,-1.0,-1.0,0.0,0.0
294.0,159.0,323.0,246.0,308.0,202.0,-1.0,-1.0,0.0,0.0
333.0,249.0,333.0,249.0,333.0,249.0,2.25,2.25,0.0,0.0
294.0,160.0,338.0,240.0,316.0,200.0,-1.0,-1.0,0.0,0.0
301.0,158.0,341.0,244.0,321.0,201.0,-1.0,-1.0,0.0,0.0
335.0,245.0,335.0,245.0,335.0,245.0,2.28,2.28,0.0,0.0
298.0,175.0,328.0,255.0,313.0,215.0,-1.0,-1.0,0.0,0.0
238.0,194.0,302.0,245.0,270.0,219.0,-1.0,-1.0,0.0,0.0
231.0,200.0,231.0,200.0,231.0,200.0,2.28,2.28,0.0,0.0
159.0,196.0,200.0,200.0,179.0,198.0,-1.0,-1.0,0.0,0.0
128.0,189.0,174.0,211.0,151.0,200.0,-1.0,-1.0,0.0,0.0
162.0,220.0,162.0,220.0,162.0,220.0,2.15,2.15,0.0,0.0
114.0,171.0,163.0,218.0,138.0,194.0,-1.0,-1.0,0.0,0.0
102.0,169.0,153.0,207.0,127.0,188.0,-1.0,-1.0,0.0,0.0
141.0,185.0,139.0,196.0,140.0,190.0,1.84,2.24,0.0,0.0
144.0,188.0,136.0,197.0,140.0,192.0,-1.0,-1.0,0.0,0.0
144.0,189.0,139.0,182.0,141.0,185.0,-1.0,-1.0,0.0,0.0
133.0,204.0,133.0,204.0,133.0,204.0,2.36,2.36,0.0,0.0
126.0,202.0,126.0,202.0,126.0,202.0,-1.0,-1.0,0.0,0.0
145.0,184.0,126.0,188.0,135.0,186.0,-1.0,-1.0,0.0,0.0
129.0,190.0,129.0,190.0,129.0,190.0,2.27,2.27,0.0,0.0
135.0,190.0,135.0,190.0,135.0,190.0,-1.0,-1.0,0.0,0.0
127.0,181.0,131.0,199.0,129.0,190.0,-1.0,-1.0,0.0,0.0
136.0,202.0,136.0,202.0,136.0,202.0,2.23,2.23,0.0,0.0
144.0,202.0,144.0,202.0,144.0,202.0,-1.0,-1.0,0.0,0.0
119.0,183.0,146.0,201.0,132.0,192.0,-1.0,-1.0,0.0,0.0
134.0,190.0,134.0,190.0,134.0,190.0,2.31,2.31,0.0,0.0
121.0,190.0,128.0,188.0,124.0,189.0,-1.0,-1.0,0.0,0.0
115.0,186.0,121.0,189.0,118.0,187.0,-1.0,-1.0,0.0,0.0
-1.0,-1.0,-1.0,-1.0,-1.0,-1.0,-1.0,-1.0,-1.0,-1.0
119.0,194.0,119.0,180.0,119.0,187.0,-1.0,-1.0,0.0,0.0
125.0,196.0,120.0,180.0,122.0,188.0,-1.0,-1.0,0.0,0.0
130.0,186.0,130.0,186.0,130.0,186.0,2.29,2.29,0.0,0.0
119.0,187.0,131.0,190.0,125.0,188.0,-1.0,-1.0,0.0,0.0
123.0,182.0,137.0,200.0,130.0,191.0,-1.0,-1.0,0.0,0.0
115.0,187.0,116.0,164.0,115.0,175.0,1.74,2.2,0.0,0.0
128.0,186.0,140.0,183.0,134.0,184.0,-1.0,-1.0,0.0,0.0
153.0,193.0,132.0,160.0,142.0,176.0,-1.0,-1.0,0.0,0.0
291.0,191.0,291.0,191.0,291.0,191.0,2.28,2.28,0.0,0.0
202.0,191.0,308.0,189.0,255.0,190.0,-1.0,-1.0,0.0,0.0
296.0,187.0,308.0,189.0,302.0,188.0,-1.0,-1.0,0.0,0.0
-1.0,-1.0,-1.0,-1.0,-1.0,-1.0,-1.0,-1.0,-1.0,-1.0
298.0,186.0,291.0,183.0,294.0,184.0,-1.0,-1.0,0.0,0.0
298.0,179.0,303.0,180.0,300.0,179.0,-1.0,-1.0,0.0,0.0
301.0,175.0,301.0,175.0,301.0,175.0,2.25,2.25,0.0,0.0
296.0,174.0,288.0,179.0,292.0,176.0,-1.0,-1.0,0.0,0.0
280.0,169.0,289.0,184.0,284.0,176.0,-1.0,-1.0,0.0,0.0
-1.0,-1.0,-1.0,-1.0,-1.0,-1.0,-1.0,-1.0,-1.0,-1.0
274.0,173.0,300.0,198.0,287.0,185.0,-1.0,-1.0,0.0,0.0
281.0,178.0,298.0,190.0,289.0,184.0,-1.0,-1.0,0.0,0.0
285.0,164.0,285.0,164.0,285.0,164.0,2.29,2.29,0.0,0.0
287.0,190.0,283.0,157.0,285.0,173.0,-1.0,-1.0,0.0,0.0
302.0,196.0,287.0,170.0,294.0,183.0,-1.0,-1.0,0.0,0.0
276.0,185.0,276.0,185.0,276.0,185.0,2.25,2.25,0.0,0.0
302.0,182.0,272.0,179.0,287.0,180.0,-1.0,-1.0,0.0,0.0
290.0,170.0,277.0,152.0,283.0,161.0,-1.0,-1.0,0.0,0.0
289.0,169.0,289.0,169.0,289.0,169.0,2.4,2.4,0.0,0.0
283.0,174.0,279.0,156.0,281.0,165.0,-1.0,-1.0,0.0,0.0
288.0,181.0,295.0,160.0,291.0,170.0,-1.0,-1.0,0.0,0.0
279.0,157.0,279.0,157.0,279.0,157.0,2.22,2.22,0.0,0.0
294.0,181.0,298.0,161.0,296.0,171.0,-1.0,-1.0,0.0,0.0
298.0,178.0,274.0,169.0,286.0,173.0,-1.0,-1.0,0.0,0.0
288.0,186.0,288.0,186.0,288.0,186.0,2.29,2.29,0.0,0.0
295.0,171.0,289.0,190.0,292.0,180.0,-1.0,-1.0,0.0,0.0
294.0,178.0,301.0,189.0,297.0,183.0,-1.0,-1.0,0.0,0.0
289.0,169.0,289.0,169.0,289.0,169.0,2.3,2.3,0.0,0.0
292.0,183.0,299.0,183.0,295.0,183.0,-1.0,-1.0,0.0,0.0
289.0,191.0,291.0,173.0,290.0,182.0,-1.0,-1.0,0.0,0.0
289.0,191.0,294.0,170.0,291.0,180.0,2.78,2.21,0.0,0.0
298.0,180.0,294.0,170.0,296.0,175.0,-1.0,-1.0,0.0,0.0
307.0,175.0,293.0,182.0,300.0,178.0,-1.0,-1.0,0.0,0.0
292.0,179.0,292.0,179.0,292.0,179.0,2.26,2.26,0.0,0.0
302.0,185.0,292.0,184.0,297.0,184.0,-1.0,-1.0,0.0,0.0
292.0,188.0,297.0,175.0,294.0,181.0,-1.0,-1.0,0.0,0.0
291.0,169.0,291.0,169.0,291.0,169.0,2.18,2.18,0.0,0.0
294.0,188.0,293.0,170.0,293.0,179.0,-1.0,-1.0,0.0,0.0
308.0,186.0,294.0,185.0,301.0,185.0,-1.0,-1.0,0.0,0.0
304.0,188.0,304.0,188.0,304.0,188.0,2.24,2.24,0.0,0.0
302.0,174.0,300.0,184.0,301.0,179.0,-1.0,-1.0,0.0,0.0
310.0,181.0,295.0,177.0,302.0,179.0,-1.0,-1.0,0.0,0.0
291.0,176.0,291.0,176.0,291.0,176.0,2.28,2.28,0.0,0.0
313.0,189.0,295.0,191.0,304.0,190.0,-1.0,-1.0,0.0,0.0
297.0,182.0,288.0,163.0,292.0,172.0,-1.0,-1.0,0.0,0.0
291.0,180.0,291.0,180.0,291.0,180.0,2.19,2.19,0.0,0.0
293.0,180.0,293.0,173.0,293.0,176.0,-1.0,-1.0,0.0,0.0
303.0,185.0,291.0,178.0,297.0,181.0,-1.0,-1.0,0.0,0.0
303.0,185.0,298.0,181.0,300.0,183.0,2.29,2.25,0.0,0.0
339.0,189.0,297.0,185.0,318.0,187.0,-1.0,-1.0,0.0,0.0
412.0,213.0,430.0,181.0,421.0,197.0,-1.0,-1.0,0.0,0.0
430.0,181.0,430.0,181.0,430.0,181.0,1.97,1.97,0.0,0.0
437.0,208.0,417.0,188.0,427.0,198.0,-1.0,-1.0,0.0,0.0
462.0,224.0,423.0,197.0,442.0,210.0,-1.0,-1.0,0.0,0.0
414.0,190.0,414.0,190.0,414.0,190.0,2.21,2.21,0.0,0.0
453.0,215.0,420.0,187.0,436.0,201.0,-1.0,-1.0,0.0,0.0
437.0,186.0,425.0,195.0,431.0,190.0,-1.0,-1.0,0.0,0.0
422.0,202.0,422.0,202.0,422.0,202.0,2.27,2.27,0.0,0.0
427.0,173.0,427.0,194.0,427.0,183.0,-1.0,-1.0,0.0,0.0
437.0,186.0,438.0,187.0,437.0,186.0,-1.0,-1.0,0.0,0.0
-1.0,-1.0,-1.0,-1.0,-1.0,-1.0,-1.0,-1.0,-1.0,-1.0
444.0,204.0,429.0,190.0,436.0,197.0,-1.0,-1.0,0.0,0.0
-1.0,-1.0,-1.0,-1.0,-1.0,-1.0,-1.0,-1.0,-1.0,-1.0
426.0,166.0,426.0,166.0,426.0,166.0,2.03,2.03,0.0,0.0
450.0,204.0,438.0,166.0,444.0,185.0,-1.0,-1.0,0.0,0.0
453.0,210.0,441.0,186.0,447.0,198.0,-1.0,-1.0,0.0,0.0
432.0,185.0,432.0,185.0,432.0,185.0,2.22,2.22,0.0,0.0
449.0,197.0,427.0,189.0,438.0,193.0,-1.0,-1.0,0.0,0.0
445.0,193.0,422.0,192.0,433.0,192.0,-1.0,-1.0,0.0,0.0
423.0,198.0,423.0,198.0,423.0,198.0,2.25,2.25,0.0,0.0
442.0,200.0,421.0,197.0,431.0,198.0,-1.0,-1.0,0.0,0.0
448.0,196.0,424.0,193.0,436.0,194.0,-1.0,-1.0,0.0,0.0
424.0,189.0,424.0,189.0,424.0,189.0,2.23,2.23,0.0,0.0
458.0,202.0,427.0,185.0,442.0,193.0,-1.0,-1.0,0.0,0.0
446.0,213.0,426.0,181.0,436.0,197.0,-1.0,-1.0,0.0,0.0
429.0,182.0,429.0,182.0,429.0,182.0,2.24,2.24,0.0,0.0
432.0,196.0,432.0,182.0,432.0,189.0,-1.0,-1.0,0.0,0.0
453.0,184.0,445.0,198.0,449.0,191.0,-1.0,-1.0,0.0,0.0
443.0,188.0,443.0,188.0,443.0,188.0,2.14,2.14,0.0,0.0
467.0,203.0,432.0,184.0,449.0,193.0,-1.0,-1.0,0.0,0.0
464.0,203.0,419.0,183.0,441.0,193.0,-1.0,-1.0,0.0,0.0
422.0,181.0,422.0,181.0,422.0,181.0,2.21,2.21,0.0,0.0
454.0,182.0,431.0,181.0,442.0,181.0,-1.0,-1.0,0.0,0.0
445.0,189.0,436.0,184.0,440.0,186.0,-1.0,-1.0,0.0,0.0
436.0,184.0,436.0,184.0,436.0,184.0,2.42,2.42,0.0,0.0
449.0,203.0,439.0,193.0,444.0,198.0,-1.0,-1.0,0.0,0.0
443.0,211.0,442.0,192.0,442.0,201.0,-1.0,-1.0,0.0,0.0
442.0,192.0,442.0,192.0,442.0,192.0,2.16,2.16,0.0,0.0
447.0,207.0,428.0,191.0,437.0,199.0,-1.0,-1.0,0.0,0.0
444.0,207.0,418.0,197.0,431.0,202.0,-1.0,-1.0,0.0,0.0
-1.0,-1.0,-1.0,-1.0,-1.0,-1.0,-1.0,-1.0,-1.0,-1.0
434.0,194.0,423.0,179.0,428.0,186.0,-1.0,-1.0,0.0,0.0
443.0,201.0,436.0,183.0,439.0,192.0,-1.0,-1.0,0.0,0.0
439.0,189.0,439.0,189.0,439.0,189.0,2.21,2.21,0.0,0.0
442.0,219.0,440.0,184.0,441.0,201.0,-1.0,-1.0,0.0,0.0
424.0,217.0,421.0,176.0,422.0,196.0,-1.0,-1.0,0.0,0.0
406.0,174.0,406.0,174.0,406.0,174.0,2.13,2.13,0.0,0.0
398.0,214.0,371.0,185.0,384.0,199.0,-1.0,-1.0,0.0,0.0
383.0,210.0,362.0,185.0,372.0,197.0,-1.0,-1.0,0.0,0.0
360.0,187.0,360.0,187.0,360.0,187.0,2.17,2.17,0.0,0.0
376.0,196.0,360.0,195.0,368.0,195.0,-1.0,-1.0,0.0,0.0
371.0,197.0,356.0,188.0,363.0,192.0,-1.0,-1.0,0.0,0.0
353.0,196.0,353.0,196.0,353.0,196.0,2.2,2.2,0.0,0.0
381.0,211.0,356.0,197.0,368.0,204.0,-1.0,-1.0,0.0,0.0
380.0,217.0,350.0,202.0,365.0,209.0,-1.0,-1.0,0.0,0.0
355.0,204.0,355.0,204.0,355.0,204.0,2.22,2.22,0.0,0.0
368.0,209.0,353.0,182.0,360.0,195.0,-1.0,-1.0,0.0,0.0
372.0,205.0,356.0,194.0,364.0,199.0,-1.0,-1.0,0.0,0.0
372.0,204.0,366.0,198.0,369.0,201.0,2.43,2.18,0.0,0.0
370.0,208.0,362.0,198.0,366.0,203.0,-1.0,-1.0,0.0,0.0
371.0,202.0,357.0,198.0,364.0,200.0,-1.0,-1.0,0.0,0.0
348.0,183.0,348.0,183.0,348.0,183.0,2.14,2.14,0.0,0.0
381.0,211.0,353.0,181.0,367.0,196.0,-1.0,-1.0,0.0,0.0
384.0,203.0,357.0,192.0,370.0,197.0,-1.0,-1.0,0.0,0.0
357.0,203.0,357.0,203.0,357.0,203.0,2.25,2.25,0.0,0.0
378.0,194.0,347.0,207.0,362.0,200.0,-1.0,-1.0,0.0,0.0
358.0,204.0,342.0,206.0,350.0,205.0,-1.0,-1.0,0.0,0.0
348.0,206.0,348.0,206.0,348.0,206.0,2.1,2.1,0.0,0.0
353.0,206.0,355.0,204.0,354.0,205.0,-1.0,-1.0,0.0,0.0
363.0,206.0,359.0,198.0,361.0,202.0,-1.0,-1.0,0.0,0.0
337.0,192.0,360.0,198.0,348.0,195.0,1.65,2.26,0.0,0.0
350.0,194.0,372.0,209.0,361.0,201.0,-1.0,-1.0,0.0,0.0
-1.0,-1.0,-1.0,-1.0,-1.0,-1.0,-1.0,-1.0,-1.0,-1.0
363.0,216.0,363.0,216.0,363.0,216.0,2.2,2.2,0.0,0.0
345.0,196.0,352.0,201.0,348.0,198.0,-1.0,-1.0,0.0,0.0
341.0,196.0,351.0,206.0,346.0,201.0,-1.0,-1.0,0.0,0.0
358.0,176.0,358.0,176.0,358.0,176.0,2.15,2.15,0.0,0.0
352.0,197.0,358.0,176.0,355.0,186.0,-1.0,-1.0,0.0,0.0
350.0,203.0,376.0,209.0,363.0,206.0,-1.0,-1.0,0.0,0.0
351.0,204.0,376.0,209.0,363.0,206.0,2.54,2.23,0.0,0.0
355.0,216.0,368.0,205.0,361.0,210.0,-1.0,-1.0,0.0,0.0
368.0,234.0,360.0,207.0,364.0,220.0,-1.0,-1.0,0.0,0.0
359.0,204.0,359.0,204.0,359.0,204.0,2.18,2.18,0.0,0.0
376.0,229.0,358.0,205.0,367.0,217.0,-1.0,-1.0,0.0,0.0
374.0,214.0,359.0,210.0,366.0,212.0,-1.0,-1.0,0.0,0.0
375.0,232.0,375.0,232.0,375.0,232.0,2.4,2.4,0.0,0.0
393.0,221.0,365.0,231.0,379.0,226.0,-1.0,-1.0,0.0,0.0
399.0,227.0,368.0,223.0,383.0,225.0,-1.0,-1.0,0.0,0.0
366.0,225.0,366.0,225.0,366.0,225.0,2.18,2.18,0.0,0.0
385.0,220.0,357.0,215.0,371.0,217.0,-1.0,-1.0,0.0,0.0
375.0,215.0,366.0,208.0,370.0,211.0,-1.0,-1.0,0.0,0.0
387.0,185.0,387.0,185.0,387.0,185.0,2.04,2.04,0.0,0.0
414.0,212.0,455.0,178.0,434.0,195.0,-1.0,-1.0,0.0,0.0
541.0,238.0,515.0,177.0,528.0,207.0,-1.0,-1.0,0.0,0.0
524.0,216.0,524.0,216.0,524.0,216.0,2.12,2.12,0.0,0.0
555.0,237.0,526.0,218.0,540.0,227.0,-1.0,-1.0,0.0,0.0
552.0,244.0,529.0,214.0,540.0,229.0,-1.0,-1.0,0.0,0.0
537.0,221.0,537.0,221.0,537.0,221.0,2.1,2.1,0.0,0.0
542.0,250.0,538.0,234.0,540.0,242.0,-1.0,-1.0,0.0,0.0
536.0,256.0,538.0,249.0,537.0,252.0,-1.0,-1.0,0.0,0.0
534.0,222.0,534.0,222.0,534.0,222.0,2.99,2.99,0.0,0.0
543.0,252.0,541.0,191.0,542.0,221.0,-1.0,-1.0,0.0,0.0
551.0,240.0,547.0,183.0,549.0,211.0,-1.0,-1.0,0.0,0.0
547.0,195.0,547.0,195.0,547.0,195.0,2.21,2.21,0.0,0.0
551.0,247.0,548.0,225.0,549.0,236.0,-1.0,-1.0,0.0,0.0
548.0,236.0,548.0,225.0,548.0,230.0,-1.0,-1.0,0.0,0.0
541.0,198.0,541.0,198.0,541.0,198.0,2.07,2.07,0.0,0.0
545.0,231.0,538.0,196.0,541.0,213.0,-1.0,-1.0,0.0,0.0
548.0,250.0,535.0,194.0,541.0,222.0,-1.0,-1.0,0.0,0.0
-1.0,-1.0,-1.0,-1.0,-1.0,-1.0,-1.0,-1.0,-1.0,-1.0
544.0,246.0,535.0,192.0,539.0,219.0,-1.0,-1.0,0.0,0.0
539.0,229.0,528.0,206.0,533.0,217.0,-1.0,-1.0,0.0,0.0
527.0,212.0,527.0,212.0,527.0,212.0,2.13,2.13,0.0,0.0
527.0,224.0,534.0,221.0,530.0,222.0,-1.0,-1.0,0.0,0.0
532.0,238.0,550.0,220.0,541.0,229.0,-1.0,-1.0,0.0,0.0
-1.0,-1.0,-1.0,-1.0,-1.0,-1.0,-1.0,-1.0,-1.0,-1.0
550.0,238.0,540.0,217.0,545.0,227.0,-1.0,-1.0,0.0,0.0
551.0,235.0,532.0,210.0,541.0,222.0,-1.0,-1.0,0.0,0.0
533.0,206.0,533.0,206.0,533.0,206.0,2.16,2.16,0.0,0.0
549.0,234.0,538.0,203.0,543.0,218.0,-1.0,-1.0,0.0,0.0
546.0,232.0,538.0,202.0,542.0,217.0,-1.0,-1.0,0.0,0.0
-1.0,-1.0,-1.0,-1.0,-1.0,-1.0,-1.0,-1.0,-1.0,-1.0
544.0,219.0,538.0,199.0,541.0,209.0,-1.0,-1.0,0.0,0.0
551.0,209.0,539.0,203.0,545.0,206.0,-1.0,-1.0,0.0,0.0
537.0,207.0,537.0,207.0,537.0,207.0,2.11,2.11,0.0,0.0
546.0,219.0,544.0,212.0,545.0,215.0,-1.0,-1.0,0.0,0.0
533.0,217.0,547.0,209.0,540.0,213.0,-1.0,-1.0,0.0,0.0
547.0,210.0,547.0,210.0,547.0,210.0,2.17,2.17,0.0,0.0
533.0,214.0,525.0,213.0,529.0,213.0,-1.0,-1.0,0.0,0.0
543.0,226.0,520.0,218.0,531.0,222.0,-1.0,-1.0,0.0,0.0
519.0,220.0,519.0,220.0,519.0,220.0,2.14,2.14,0.0,0.0
544.0,219.0,533.0,206.0,538.0,212.0,-1.0,-1.0,0.0,0.0
531.0,223.0,533.0,210.0,532.0,216.0,-1.0,-1.0,0.0,0.0
539.0,207.0,539.0,207.0,539.0,207.0,1.92,1.92,0.0,0.0
522.0,237.0,544.0,218.0,533.0,227.0,-1.0,-1.0,0.0,0.0
529.0,233.0,531.0,188.0,530.0,210.0,-1.0,-1.0,0.0,0.0
528.0,183.0,528.0,183.0,528.0,183.0,2.08,2.08,0.0,0.0
528.0,220.0,528.0,183.0,528.0,201.0,-1.0,-1.0,0.0,0.0
530.0,209.0,545.0,206.0,537.0,207.0,-1.0,-1.0,0.0,0.0
555.0,207.0,555.0,207.0,555.0,207.0,2.11,2.11,0.0,0.0
577.0,201.0,559.0,199.0,568.0,200.0,-1.0,-1.0,0.0,0.0
653.0,209.0,644.0,194.0,648.0,201.0,-1.0,-1.0,0.0,0.0
-1.0,-1.0,-1.0,-1.0,-1.0,-1.0,-1.0,-1.0,-1.0,-1.0
684.0,214.0,638.0,204.0,661.0,209.0,-1.0,-1.0,0.0,0.0
688.0,207.0,644.0,208.0,666.0,207.0,-1.0,-1.0,0.0,0.0
667.0,218.0,667.0,218.0,667.0,218.0,2.17,2.17,0.0,0.0
677.0,202.0,676.0,220.0,676.0,211.0,-1.0,-1.0,0.0,0.0
674.0,207.0,672.0,212.0,673.0,209.0,-1.0,-1.0,0.0,0.0
674.0,208.0,665.0,189.0,669.0,198.0,3.04,2.1,0.0,0.0
673.0,210.0,663.0,183.0,668.0,196.0,-1.0,-1.0,0.0,0.0
668.0,204.0,667.0,194.0,667.0,199.0,-1.0,-1.0,0.0,0.0
657.0,213.0,670.0,198.0,663.0,205.0,1.86,2.1,0.0,0.0
660.0,217.0,680.0,211.0,670.0,214.0,-1.0,-1.0,0.0,0.0
659.0,225.0,668.0,184.0,663.0,204.0,-1.0,-1.0,0.0,0.0
-1.0,-1.0,-1.0,-1.0,-1.0,-1.0,-1.0,-1.0,-1.0,-1.0
661.0,222.0,661.0,181.0,661.0,201.0,-1.0,-1.0,0.0,0.0
664.0,222.0,663.0,180.0,663.0,201.0,-1.0,-1.0,0.0,0.0
-1.0,-1.0,-1.0,-1.0,-1.0,-1.0,-1.0,-1.0,-1.0,-1.0
679.0,213.0,680.0,196.0,679.0,204.0,-1.0,-1.0,0.0,0.0
682.0,211.0,679.0,193.0,680.0,202.0,-1.0,-1.0,0.0,0.0
672.0,155.0,672.0,155.0,672.0,155.0,1.74,1.74,0.0,0.0
683.0,224.0,677.0,164.0,680.0,194.0,-1.0,-1.0,0.0,0.0
-1.0,-1.0,-1.0,-1.0,-1.0,-1.0,-1.0,-1.0,-1.0,-1.0
675.0,197.0,675.0,197.0,675.0,197.0,2.15,2.15,0.0,0.0
675.0,203.0,671.0,192.0,673.0,197.0,-1.0,-1.0,0.0,0.0
675.0,196.0,674.0,207.0,674.0,201.0,-1.0,-1.0,0.0,0.0
685.0,213.0,685.0,213.0,685.0,213.0,1.75,1.75,0.0,0.0
675.0,199.0,684.0,212.0,679.0,205.0,-1.0,-1.0,0.0,0.0
683.0,196.0,677.0,204.0,680.0,200.0,-1.0,-1.0,0.0,0.0
-1.0,-1.0,-1.0,-1.0,-1.0,-1.0,-1.0,-1.0,-1.0,-1.0
682.0,212.0,682.0,215.0,682.0,213.0,-1.0,-1.0,0.0,0.0
670.0,209.0,691.0,212.0,680.0,210.0,-1.0,-1.0,0.0,0.0
683.0,208.0,683.0,208.0,683.0,208.0,2.08,2.08,0.0,0.0
673.0,206.0,683.0,213.0,678.0,209.0,-1.0,-1.0,0.0,0.0
675.0,213.0,668.0,217.0,671.0,215.0,-1.0,-1.0,0.0,0.0
-1.0,-1.0,-1.0,-1.0,-1.0,-1.0,-1.0,-1.0,-1.0,-1.0
681.0,204.0,665.0,203.0,673.0,203.0,-1.0,-1.0,0.0,0.0
673.0,187.0,668.0,202.0,670.0,194.0,-1.0,-1.0,0.0,0.0
-1.0,-1.0,-1.0,-1.0,-1.0,-1.0,-1.0,-1.0,-1.0,-1.0
672.0,194.0,674.0,208.0,673.0,201.0,-1.0,-1.0,0.0,0.0
689.0,217.0,675.0,210.0,682.0,213.0,-1.0,-1.0,0.0,0.0
670.0,204.0,670.0,204.0,670.0,204.0,2.18,2.18,0.0,0.0
696.0,218.0,678.0,209.0,687.0,213.0,-1.0,-1.0,0.0,0.0
675.0,208.0,686.0,207.0,680.0,207.0,-1.0,-1.0,0.0,0.0
686.0,211.0,686.0,211.0,686.0,211.0,2.09,2.09,0.0,0.0
661.0,216.0,680.0,210.0,670.0,213.0,-1.0,-1.0,0.0,0.0
677.0,216.0,675.0,213.0,676.0,214.0,-1.0,-1.0,0.0,0.0
679.0,214.0,679.0,214.0,679.0,214.0,1.84,1.84,0.0,0.0
685.0,212.0,687.0,222.0,686.0,217.0,-1.0,-1.0,0.0,0.0
676.0,203.0,699.0,183.0,687.0,193.0,-1.0,-1.0,0.0,0.0
695.0,202.0,695.0,202.0,695.0,202.0,2.06,2.06,0.0,0.0
659.0,195.0,690.0,196.0,674.0,195.0,-1.0,-1.0,0.0,0.0
-1.0,-1.0,-1.0,-1.0,-1.0,-1.0,-1.0,-1.0,-1.0,-1.0
-1.0,-1.0,-1.0,-1.0,-1.0,-1.0,-1.0,-1.0,-1.0,-1.0
673.0,197.0,684.0,196.0,678.0,196.0,-1.0,-1.0,0.0,0.0
676.0,207.0,675.0,206.0,675.0,206.0,-1.0,-1.0,0.0,0.0
687.0,210.0,687.0,210.0,687.0,210.0,2.19,2.19,0.0,0.0
716.0,202.0,699.0,191.0,707.0,196.0,-1.0,-1.0,0.0,0.0
773.0,195.0,809.0,223.0,791.0,209.0,-1.0,-1.0,0.0,0.0
809.0,223.0,809.0,223.0,809.0,223.0,2.08,2.08,0.0,0.0
790.0,206.0,796.0,201.0,793.0,203.0,-1.0,-1.0,0.0,0.0
795.0,216.0,801.0,201.0,798.0,208.0,-1.0,-1.0,0.0,0.0
793.0,201.0,793.0,201.0,793.0,201.0,2.15,2.15,0.0,0.0
792.0,201.0,789.0,207.0,790.0,204.0,-1.0,-1.0,0.0,0.0
791.0,197.0,791.0,207.0,791.0,202.0,-1.0,-1.0,0.0,0.0
789.0,202.0,789.0,202.0,789.0,202.0,2.13,2.13,0.0,0.0
792.0,200.0,795.0,204.0,793.0,202.0,-1.0,-1.0,0.0,0.0
794.0,210.0,788.0,203.0,791.0,206.0,-1.0,-1.0,0.0,0.0
789.0,190.0,789.0,190.0,789.0,190.0,2.11,2.11,0.0,0.0
794.0,204.0,789.0,195.0,791.0,199.0,-1.0,-1.0,0.0,0.0
789.0,198.0,797.0,199.0,793.0,198.0,-1.0,-1.0,0.0,0.0
796.0,204.0,796.0,204.0,796.0,204.0,2.15,2.15,0.0,0.0
784.0,194.0,774.0,209.0,779.0,201.0,-1.0,-1.0,0.0,0.0
776.0,193.0,787.0,202.0,781.0,197.0,-1.0,-1.0,0.0,0.0
776.0,193.0,795.0,183.0,785.0,188.0,1.84,1.94,0.0,0.0
779.0,234.0,796.0,195.0,787.0,214.0,-1.0,-1.0,0.0,0.0
782.0,235.0,790.0,195.0,786.0,215.0,-1.0,-1.0,0.0,0.0
784.0,193.0,784.0,193.0,784.0,193.0,2.17,2.17,0.0,0.0
782.0,212.0,790.0,198.0,786.0,205.0,-1.0,-1.0,0.0,0.0
786.0,215.0,809.0,217.0,797.0,216.0,-1.0,-1.0,0.0,0.0
809.0,217.0,809.0,217.0,809.0,217.0,2.22,2.22,0.0,0.0
788.0,208.0,813.0,219.0,800.0,213.0,-1.0,-1.0,0.0,0.0
-1.0,-1.0,-1.0,-1.0,-1.0,-1.0,-1.0,-1.0,-1.0,-1.0
-1.0,-1.0,-1.0,-1.0,-1.0,-1.0,-1.0,-1.0,-1.0,-1.0
779.0,210.0,812.0,220.0,795.0,215.0,-1.0,-1.0,0.0,0.0
788.0,191.0,790.0,218.0,789.0,204.0,-1.0,-1.0,0.0,0.0
-1.0,-1.0,-1.0,-1.0,-1.0,-1.0,-1.0,-1.0,-1.0,-1.0
806.0,188.0,788.0,201.0,797.0,194.0,-1.0,-1.0,0.0,0.0
802.0,192.0,797.0,207.0,799.0,199.0,-1.0,-1.0,0.0,0.0
796.0,207.0,796.0,207.0,796.0,207.0,2.78,2.78,0.0,0.0
787.0,189.0,814.0,224.0,800.0,206.0,-1.0,-1.0,0.0,0.0
796.0,194.0,801.0,232.0,798.0,213.0,-1.0,-1.0,0.0,0.0
795.0,194.0,801.0,232.0,798.0,213.0,3.15,1.96,0.0,0.0
801.0,191.0,784.0,232.0,792.0,211.0,-1.0,-1.0,0.0,0.0
791.0,204.0,789.0,216.0,790.0,210.0,-1.0,-1.0,0.0,0.0
784.0,212.0,784.0,212.0,784.0,212.0,1.98,1.98,0.0,0.0
777.0,205.0,796.0,199.0,786.0,202.0,-1.0,-1.0,0.0,0.0
789.0,191.0,785.0,209.0,787.0,200.0,-1.0,-1.0,0.0,0.0
-1.0,-1.0,-1.0,-1.0,-1.0,-1.0,-1.0,-1.0,-1.0,-1.0
801.0,192.0,786.0,232.0,793.0,212.0,-1.0,-1.0,0.0,0.0
788.0,211.0,792.0,222.0,790.0,216.0,-1.0,-1.0,0.0,0.0
-1.0,-1.0,-1.0,-1.0,-1.0,-1.0,-1.0,-1.0,-1.0,-1.0
777.0,211.0,786.0,214.0,781.0,212.0,-1.0,-1.0,0.0,0.0
783.0,188.0,782.0,210.0,782.0,199.0,-1.0,-1.0,0.0,0.0
-1.0,-1.0,-1.0,-1.0,-1.0,-1.0,-1.0,-1.0,-1.0,-1.0
802.0,186.0,793.0,212.0,797.0,199.0,-1.0,-1.0,0.0,0.0
795.0,192.0,801.0,200.0,798.0,196.0,-1.0,-1.0,0.0,0.0
-1.0,-1.0,-1.0,-1.0,-1.0,-1.0,-1.0,-1.0,-1.0,-1.0
797.0,211.0,802.0,205.0,799.0,208.0,-1.0,-1.0,0.0,0.0
799.0,211.0,802.0,207.0,800.0,209.0,-1.0,-1.0,0.0,0.0
-1.0,-1.0,-1.0,-1.0,-1.0,-1.0,-1.0,-1.0,-1.0,-1.0
785.0,195.0,795.0,197.0,790.0,196.0,-1.0,-1.0,0.0,0.0
781.0,194.0,800.0,198.0,790.0,196.0,-1.0,-1.0,0.0,0.0
797.0,199.0,797.0,199.0,797.0,199.0,2.07,2.07,0.0,0.0
813.0,181.0,832.0,208.0,822.0,194.0,-1.0,-1.0,0.0,0.0
862.0,180.0,899.0,209.0,880.0,194.0,-1.0,-1.0,0.0,0.0
931.0,190.0,931.0,190.0,931.0,190.0,1.93,1.93,0.0,0.0
923.0,208.0,975.0,196.0,949.0,202.0,-1.0,-1.0,0.0,0.0
-1.0,-1.0,-1.0,-1.0,-1.0,-1.0,-1.0,-1.0,-1.0,-1.0
-1.0,-1.0,-1.0,-1.0,-1.0,-1.0,-1.0,-1.0,-1.0,-1.0
923.0,195.0,970.0,194.0,946.0,194.0,-1.0,-1.0,0.0,0.0
974.0,197.0,972.0,200.0,973.0,198.0,-1.0,-1.0,0.0,0.0
-1.0,-1.0,-1.0,-1.0,-1.0,-1.0,-1.0,-1.0,-1.0,-1.0
967.0,199.0,973.0,193.0,970.0,196.0,-1.0,-1.0,0.0,0.0
-1.0,-1.0,-1.0,-1.0,-1.0,-1.0,-1.0,-1.0,-1.0,-1.0
-1.0,-1.0,-1.0,-1.0,-1.0,-1.0,-1.0,-1.0,-1.0,-1.0
966.0,191.0,968.0,197.0,967.0,194.0,-1.0,-1.0,0.0,0.0
964.0,190.0,978.0,179.0,971.0,184.0,-1.0,-1.0,0.0,0.0
-1.0,-1.0,-1.0,-1.0,-1.0,-1.0,-1.0,-1.0,-1.0,-1.0
973.0,202.0,985.0,178.0,979.0,190.0,-1.0,-1.0,0.0,0.0
978.0,208.0,979.0,186.0,978.0,197.0,-1.0,-1.0,0.0,0.0
-1.0,-1.0,-1.0,-1.0,-1.0,-1.0,-1.0,-1.0,-1.0,-1.0
968.0,193.0,982.0,184.0,975.0,188.0,-1.0,-1.0,0.0,0.0
960.0,187.0,982.0,188.0,971.0,187.0,-1.0,-1.0,0.0,0.0
960.0,187.0,960.0,187.0,960.0,187.0,2.04,2.04,0.0,0.0
967.0,198.0,979.0,188.0,973.0,193.0,-1.0,-1.0,0.0,0.0
962.0,201.0,972.0,182.0,967.0,191.0,-1.0,-1.0,0.0,0.0
972.0,182.0,972.0,182.0,972.0,182.0,2.0,2.0,0.0,0.0
870.0,288.0,874.0,174.0,872.0,231.0,-1.0,-1.0,0.0,0.0
721.0,205.0,780.0,178.0,750.0,191.0,-1.0,-1.0,0.0,0.0
-1.0,-1.0,-1.0,-1.0,-1.0,-1.0,-1.0,-1.0,-1.0,-1.0
694.0,209.0,758.0,184.0,726.0,196.0,-1.0,-1.0,0.0,0.0
705.0,192.0,697.0,232.0,701.0,212.0,-1.0,-1.0,0.0,0.0
-1.0,-1.0,-1.0,-1.0,-1.0,-1.0,-1.0,-1.0,-1.0,-1.0
716.0,184.0,700.0,226.0,708.0,205.0,-1.0,-1.0,0.0,0.0
707.0,173.0,704.0,215.0,705.0,194.0,-1.0,-1.0,0.0,0.0
687.0,206.0,687.0,206.0,687.0,206.0,1.97,1.97,0.0,0.0
696.0,171.0,690.0,212.0,693.0,191.0,-1.0,-1.0,0.0,0.0
700.0,165.0,690.0,203.0,695.0,184.0,-1.0,-1.0,0.0,0.0
-1.0,-1.0,-1.0,-1.0,-1.0,-1.0,-1.0,-1.0,-1.0,-1.0
694.0,162.0,689.0,207.0,691.0,184.0,-1.0,-1.0,0.0,0.0
705.0,178.0,689.0,213.0,697.0,195.0,-1.0,-1.0,0.0,0.0
-1.0,-1.0,-1.0,-1.0,-1.0,-1.0,-1.0,-1.0,-1.0,-1.0
707.0,173.0,699.0,211.0,703.0,192.0,-1.0,-1.0,0.0,0.0
688.0,163.0,705.0,208.0,696.0,185.0,-1.0,-1.0,0.0,0.0
-1.0,-1.0,-1.0,-1.0,-1.0,-1.0,-1.0,-1.0,-1.0,-1.0
690.0,180.0,707.0,191.0,698.0,185.0,-1.0,-1.0,0.0,0.0
696.0,180.0,700.0,188.0,698.0,184.0,-1.0,-1.0,0.0,0.0
681.0,185.0,681.0,185.0,681.0,185.0,2.14,2.14,0.0,0.0
692.0,168.0,681.0,192.0,686.0,180.0,-1.0,-1.0,0.0,0.0
697.0,179.0,679.0,199.0,688.0,189.0,-1.0,-1.0,0.0,0.0
-1.0,-1.0,-1.0,-1.0,-1.0,-1.0,-1.0,-1.0,-1.0,-1.0
698.0,161.0,692.0,198.0,695.0,179.0,-1.0,-1.0,0.0,0.0
693.0,165.0,697.0,194.0,695.0,179.0,-1.0,-1.0,0.0,0.0
695.0,170.0,695.0,170.0,695.0,170.0,2.59,2.59,0.0,0.0
684.0,179.0,697.0,197.0,690.0,188.0,-1.0,-1.0,0.0,0.0
677.0,174.0,696.0,186.0,686.0,180.0,-1.0,-1.0,0.0,0.0
-1.0,-1.0,-1.0,-1.0,-1.0,-1.0,-1.0,-1.0,-1.0,-1.0
679.0,184.0,701.0,187.0,690.0,185.0,-1.0,-1.0,0.0,0.0
685.0,185.0,703.0,200.0,694.0,192.0,-1.0,-1.0,0.0,0.0
703.0,200.0,703.0,200.0,703.0,200.0,1.85,1.85,0.0,0.0
684.0,191.0,704.0,197.0,694.0,194.0,-1.0,-1.0,0.0,0.0
687.0,193.0,691.0,158.0,689.0,175.0,-1.0,-1.0,0.0,0.0
-1.0,-1.0,-1.0,-1.0,-1.0,-1.0,-1.0,-1.0,-1.0,-1.0
697.0,186.0,684.0,128.0,690.0,157.0,-1.0,-1.0,0.0,0.0
692.0,187.0,700.0,185.0,696.0,186.0,-1.0,-1.0,0.0,0.0
698.0,192.0,698.0,192.0,698.0,192.0,2.11,2.11,0.0,0.0
695.0,192.0,683.0,220.0,689.0,206.0,-1.0,-1.0,0.0,0.0
689.0,182.0,688.0,208.0,688.0,195.0,-1.0,-1.0,0.0,0.0
688.0,198.0,688.0,198.0,688.0,198.0,2.01,2.01,0.0,0.0
693.0,180.0,698.0,194.0,695.0,187.0,-1.0,-1.0,0.0,0.0
703.0,183.0,695.0,193.0,699.0,188.0,-1.0,-1.0,0.0,0.0
695.0,201.0,695.0,201.0,695.0,201.0,2.15,2.15,0.0,0.0
701.0,189.0,684.0,214.0,692.0,201.0,-1.0,-1.0,0.0,0.0
689.0,190.0,681.0,203.0,685.0,196.0,-1.0,-1.0,0.0,0.0
677.0,161.0,677.0,161.0,677.0,161.0,2.18,2.18,0.0,0.0
687.0,187.0,687.0,179.0,687.0,183.0,-1.0,-1.0,0.0,0.0
692.0,184.0,704.0,199.0,698.0,191.0,-1.0,-1.0,0.0,0.0
704.0,199.0,704.0,199.0,704.0,199.0,2.15,2.15,0.0,0.0
689.0,181.0,685.0,199.0,687.0,190.0,-1.0,-1.0,0.0,0.0
690.0,199.0,682.0,192.0,686.0,195.0,-1.0,-1.0,0.0,0.0
-1.0,-1.0,-1.0,-1.0,-1.0,-1.0,-1.0,-1.0,-1.0,-1.0
699.0,201.0,686.0,195.0,692.0,198.0,-1.0,-1.0,0.0,0.0
703.0,195.0,689.0,199.0,696.0,197.0,-1.0,-1.0,0.0,0.0
688.0,199.0,688.0,199.0,688.0,199.0,2.13,2.13,0.0,0.0
698.0,188.0,700.0,196.0,699.0,192.0,-1.0,-1.0,0.0,0.0
691.0,203.0,690.0,189.0,690.0,196.0,-1.0,-1.0,0.0,0.0
-1.0,-1.0,-1.0,-1.0,-1.0,-1.0,-1.0,-1.0,-1.0,-1.0
687.0,217.0,678.0,191.0,682.0,204.0,-1.0,-1.0,0.0,0.0
681.0,213.0,681.0,189.0,681.0,201.0,-1.0,-1.0,0.0,0.0
-1.0,-1.0,-1.0,-1.0,-1.0,-1.0,-1.0,-1.0,-1.0,-1.0
688.0,209.0,703.0,191.0,695.0,200.0,-1.0,-1.0,0.0,0.0
696.0,208.0,705.0,183.0,700.0,195.0,-1.0,-1.0,0.0,0.0
696.0,208.0,690.0,177.0,693.0,192.0,2.78,2.11,0.0,0.0
699.0,197.0,707.0,177.0,703.0,187.0,-1.0,-1.0,0.0,0.0
729.0,191.0,738.0,186.0,733.0,188.0,-1.0,-1.0,0.0,0.0
778.0,197.0,778.0,197.0,778.0,197.0,2.24,2.24,0.0,0.0
783.0,192.0,770.0,198.0,776.0,195.0,-1.0,-1.0,0.0,0.0
784.0,210.0,770.0,198.0,777.0,204.0,-1.0,-1.0,0.0,0.0
789.0,187.0,789.0,187.0,789.0,187.0,2.14,2.14,0.0,0.0
785.0,216.0,797.0,191.0,791.0,203.0,-1.0,-1.0,0.0,0.0
780.0,197.0,793.0,200.0,786.0,198.0,-1.0,-1.0,0.0,0.0
795.0,209.0,795.0,209.0,795.0,209.0,2.11,2.11,0.0,0.0
792.0,180.0,789.0,190.0,790.0,185.0,-1.0,-1.0,0.0,0.0
798.0,184.0,796.0,181.0,797.0,182.0,-1.0,-1.0,0.0,0.0
-1.0,-1.0,-1.0,-1.0,-1.0,-1.0,-1.0,-1.0,-1.0,-1.0
794.0,192.0,795.0,189.0,794.0,190.0,-1.0,-1.0,0.0,0.0
795.0,200.0,793.0,193.0,794.0,196.0,-1.0,-1.0,0.0,0.0
-1.0,-1.0,-1.0,-1.0,-1.0,-1.0,-1.0,-1.0,-1.0,-1.0
791.0,200.0,807.0,210.0,799.0,205.0,-1.0,-1.0,0.0,0.0
791.0,189.0,796.0,207.0,793.0,198.0,-1.0,-1.0,0.0,0.0
783.0,214.0,783.0,214.0,783.0,214.0,2.2,2.2,0.0,0.0
784.0,183.0,787.0,216.0,785.0,199.0,-1.0,-1.0,0.0,0.0
789.0,185.0,786.0,215.0,787.0,200.0,-1.0,-1.0,0.0,0.0
-1.0,-1.0,-1.0,-1.0,-1.0,-1.0,-1.0,-1.0,-1.0,-1.0
799.0,196.0,796.0,186.0,797.0,191.0,-1.0,-1.0,0.0,0.0
789.0,217.0,790.0,211.0,789.0,214.0,-1.0,-1.0,0.0,0.0
-1.0,-1.0,-1.0,-1.0,-1.0,-1.0,-1.0,-1.0,-1.0,-1.0
791.0,216.0,814.0,218.0,802.0,217.0,-1.0,-1.0,0.0,0.0
789.0,199.0,807.0,205.0,798.0,202.0,-1.0,-1.0,0.0,0.0
789.0,199.0,800.0,198.0,794.0,198.0,1.59,2.15,0.0,0.0
779.0,193.0,788.0,199.0,783.0,196.0,-1.0,-1.0,0.0,0.0
786.0,192.0,793.0,203.0,789.0,197.0,-1.0,-1.0,0.0,0.0
784.0,224.0,784.0,224.0,784.0,224.0,2.14,2.14,0.0,0.0
805.0,191.0,799.0,215.0,802.0,203.0,-1.0,-1.0,0.0,0.0
797.0,197.0,792.0,211.0,794.0,204.0,-1.0,-1.0,0.0,0.0
793.0,209.0,793.0,209.0,793.0,209.0,2.11,2.11,0.0,0.0
790.0,188.0,794.0,210.0,792.0,199.0,-1.0,-1.0,0.0,0.0
818.0,186.0,798.0,221.0,808.0,203.0,-1.0,-1.0,0.0,0.0
850.0,191.0,850.0,191.0,850.0,191.0,2.14,2.14,0.0,0.0
888.0,190.0,906.0,174.0,897.0,182.0,-1.0,-1.0,0.0,0.0
919.0,219.0,943.0,194.0,931.0,206.0,-1.0,-1.0,0.0,0.0
934.0,198.0,934.0,198.0,934.0,198.0,2.11,2.11,0.0,0.0
933.0,219.0,944.0,197.0,938.0,208.0,-1.0,-1.0,0.0,0.0
960.0,193.0,940.0,191.0,950.0,192.0,-1.0,-1.0,0.0,0.0
953.0,177.0,953.0,177.0,953.0,177.0,2.08,2.08,0.0,0.0
957.0,195.0,956.0,167.0,956.0,181.0,-1.0,-1.0,0.0,0.0
949.0,199.0,960.0,189.0,954.0,194.0,-1.0,-1.0,0.0,0.0
949.0,199.0,968.0,169.0,958.0,184.0,2.82,1.95,0.0,0.0
930.0,201.0,963.0,187.0,946.0,194.0,-1.0,-1.0,0.0,0.0
939.0,191.0,952.0,185.0,945.0,188.0,-1.0,-1.0,0.0,0.0
939.0,191.0,953.0,185.0,946.0,188.0,1.89,2.19,0.0,0.0
932.0,187.0,947.0,186.0,939.0,186.0,-1.0,-1.0,0.0,0.0
927.0,203.0,949.0,195.0,938.0,199.0,-1.0,-1.0,0.0,0.0
948.0,185.0,948.0,185.0,948.0,185.0,2.11,2.11,0.0,0.0
934.0,197.0,952.0,206.0,943.0,201.0,-1.0,-1.0,0.0,0.0
941.0,169.0,943.0,202.0,942.0,185.0,-1.0,-1.0,0.0,0.0
951.0,191.0,951.0,191.0,951.0,191.0,2.11,2.11,0.0,0.0
945.0,168.0,951.0,194.0,948.0,181.0,-1.0,-1.0,0.0,0.0
940.0,174.0,950.0,193.0,945.0,183.0,-1.0,-1.0,0.0,0.0
940.0,174.0,939.0,193.0,939.0,183.0,2.51,2.08,0.0,0.0
947.0,176.0,942.0,191.0,944.0,183.0,-1.0,-1.0,0.0,0.0
953.0,173.0,944.0,182.0,948.0,177.0,-1.0,-1.0,0.0,0.0
946.0,183.0,946.0,183.0,946.0,183.0,2.09,2.09,0.0,0.0
956.0,177.0,946.0,186.0,951.0,181.0,-1.0,-1.0,0.0,0.0
957.0,179.0,941.0,196.0,949.0,187.0,-1.0,-1.0,0.0,0.0
947.0,204.0,947.0,204.0,947.0,204.0,2.11,2.11,0.0,0.0
950.0,172.0,947.0,206.0,948.0,189.0,-1.0,-1.0,0.0,0.0
940.0,171.0,947.0,206.0,943.0,188.0,-1.0,-1.0,0.0,0.0
943.0,208.0,943.0,208.0,943.0,208.0,2.13,2.13,0.0,0.0
951.0,178.0,942.0,211.0,946.0,194.0,-1.0,-1.0,0.0,0.0
951.0,177.0,940.0,209.0,945.0,193.0,-1.0,-1.0,0.0,0.0
951.0,177.0,940.0,209.0,945.0,193.0,2.08,1.93,0.0,0.0
937.0,170.0,945.0,210.0,941.0,190.0,-1.0,-1.0,0.0,0.0
948.0,164.0,941.0,203.0,944.0,183.0,-1.0,-1.0,0.0,0.0
-1.0,-1.0,-1.0,-1.0,-1.0,-1.0,-1.0,-1.0,-1.0,-1.0
945.0,169.0,950.0,189.0,947.0,179.0,-1.0,-1.0,0.0,0.0
939.0,176.0,961.0,197.0,950.0,186.0,-1.0,-1.0,0.0,0.0
956.0,212.0,956.0,212.0,956.0,212.0,2.12,2.12,0.0,0.0
956.0,181.0,956.0,207.0,956.0,194.0,-1.0,-1.0,0.0,0.0
957.0,174.0,954.0,192.0,955.0,183.0,-1.0,-1.0,0.0,0.0
962.0,199.0,962.0,199.0,962.0,199.0,2.13,2.13,0.0,0.0
949.0,169.0,948.0,185.0,948.0,177.0,-1.0,-1.0,0.0,0.0
950.0,180.0,951.0,191.0,950.0,185.0,-1.0,-1.0,0.0,0.0
951.0,191.0,951.0,191.0,951.0,191.0,2.12,2.12,0.0,0.0
952.0,189.0,950.0,191.0,951.0,190.0,-1.0,-1.0,0.0,0.0
950.0,191.0,950.0,192.0,950.0,191.0,-1.0,-1.0,0.0,0.0
951.0,200.0,951.0,200.0,951.0,200.0,2.02,2.02,0.0,0.0
975.0,179.0,991.0,171.0,983.0,175.0,-1.0,-1.0,0.0,0.0
1051.0,172.0,1052.0,166.0,1051.0,169.0,-1.0,-1.0,0.0,0.0
1099.0,199.0,1099.0,199.0,1099.0,199.0,2.25,2.25,0.0,0.0
1094.0,170.0,1114.0,194.0,1104.0,182.0,-1.0,-1.0,0.0,0.0
1113.0,173.0,1126.0,212.0,1119.0,192.0,-1.0,-1.0,0.0,0.0
1113.0,173.0,1115.0,174.0,1114.0,173.0,2.67,2.09,0.0,0.0
1100.0,179.0,1115.0,178.0,1107.0,178.0,-1.0,-1.0,0.0,0.0
1095.0,184.0,1103.0,192.0,1099.0,188.0,-1.0,-1.0,0.0,0.0
1105.0,176.0,1105.0,176.0,1105.0,176.0,2.12,2.12,0.0,0.0
1110.0,176.0,1114.0,166.0,1112.0,171.0,-1.0,-1.0,0.0,0.0
1111.0,175.0,1117.0,162.0,1114.0,168.0,-1.0,-1.0,0.0,0.0
1122.0,161.0,1122.0,161.0,1122.0,161.0,2.02,2.02,0.0,0.0
1110.0,191.0,1114.0,171.0,1112.0,181.0,-1.0,-1.0,0.0,0.0
1096.0,180.0,1114.0,177.0,1105.0,178.0,-1.0,-1.0,0.0,0.0
1106.0,188.0,1106.0,188.0,1106.0,188.0,2.23,2.23,0.0,0.0
1093.0,167.0,1128.0,192.0,1110.0,179.0,-1.0,-1.0,0.0,0.0
1102.0,160.0,1115.0,194.0,1108.0,177.0,-1.0,-1.0,0.0,0.0
1116.0,198.0,1116.0,198.0,1116.0,198.0,2.15,2.15,0.0,0.0
1096.0,157.0,1104.0,188.0,1100.0,172.0,-1.0,-1.0,0.0,0.0
1095.0,174.0,1104.0,188.0,1099.0,181.0,-1.0,-1.0,0.0,0.0
1096.0,175.0,1109.0,195.0,1102.0,185.0,2.54,2.17,0.0,0.0
1098.0,183.0,1115.0,212.0,1106.0,197.0,-1.0,-1.0,0.0,0.0
1098.0,179.0,1114.0,215.0,1106.0,197.0,-1.0,-1.0,0.0,0.0
1121.0,207.0,1121.0,207.0,1121.0,207.0,2.08,2.08,0.0,0.0
1104.0,194.0,1113.0,215.0,1108.0,204.0,-1.0,-1.0,0.0,0.0
1085.0,200.0,1108.0,216.0,1096.0,208.0,-1.0,-1.0,0.0,0.0
-1.0,-1.0,-1.0,-1.0,-1.0,-1.0,-1.0,-1.0,-1.0,-1.0
1083.0,192.0,1108.0,189.0,1095.0,190.0,-1.0,-1.0,0.0,0.0
1092.0,178.0,1115.0,187.0,1103.0,182.0,-1.0,-1.0,0.0,0.0
1094.0,188.0,1094.0,188.0,1094.0,188.0,2.13,2.13,0.0,0.0
1101.0,174.0,1109.0,200.0,1105.0,187.0,-1.0,-1.0,0.0,0.0
1114.0,198.0,1101.0,194.0,1107.0,196.0,-1.0,-1.0,0.0,0.0
1106.0,195.0,1106.0,195.0,1106.0,195.0,2.14,2.14,0.0,0.0
1106.0,197.0,1106.0,216.0,1106.0,206.0,-1.0,-1.0,0.0,0.0
1095.0,183.0,1111.0,205.0,1103.0,194.0,-1.0,-1.0,0.0,0.0
1111.0,203.0,1111.0,203.0,1111.0,203.0,2.16,2.16,0.0,0.0
1084.0,187.0,1111.0,210.0,1097.0,198.0,-1.0,-1.0,0.0,0.0
1100.0,194.0,1112.0,211.0,1106.0,202.0,-1.0,-1.0,0.0,0.0
-1.0,-1.0,-1.0,-1.0,-1.0,-1.0,-1.0,-1.0,-1.0,-1.0
1102.0,194.0,1109.0,203.0,1105.0,198.0,-1.0,-1.0,0.0,0.0
1101.0,182.0,1110.0,209.0,1105.0,195.0,-1.0,-1.0,0.0,0.0
-1.0,-1.0,-1.0,-1.0,-1.0,-1.0,-1.0,-1.0,-1.0,-1.0
1113.0,182.0,1115.0,229.0,1114.0,205.0,-1.0,-1.0,0.0,0.0
1133.0,188.0,1153.0,240.0,1143.0,214.0,-1.0,-1.0,0.0,0.0
1181.0,226.0,1181.0,226.0,1181.0,226.0,2.22,2.22,0.0,0.0
1208.0,174.0,1281.0,184.0,1244.0,179.0,-1.0,-1.0,0.0,0.0
1242.0,172.0,1284.0,198.0,1263.0,185.0,-1.0,-1.0,0.0,0.0
1295.0,188.0,1295.0,188.0,1295.0,188.0,2.1,2.1,0.0,0.0
1256.0,181.0,1295.0,187.0,1275.0,184.0,-1.0,-1.0,0.0,0.0
1271.0,177.0,1290.0,183.0,1280.0,180.0,-1.0,-1.0,0.0,0.0
1271.0,177.0,1271.0,177.0,1271.0,177.0,2.16,2.16,0.0,0.0
1260.0,169.0,1278.0,214.0,1269.0,191.0,-1.0,-1.0,0.0,0.0
1264.0,172.0,1278.0,216.0,1271.0,194.0,-1.0,-1.0,0.0,0.0
-1.0,-1.0,-1.0,-1.0,-1.0,-1.0,-1.0,-1.0,-1.0,-1.0
1279.0,189.0,1271.0,190.0,1275.0,189.0,-1.0,-1.0,0.0,0.0
1276.0,181.0,1261.0,158.0,1268.0,169.0,-1.0,-1.0,0.0,0.0
1278.0,191.0,1278.0,191.0,1278.0,191.0,2.17,2.17,0.0,0.0
1271.0,176.0,1281.0,178.0,1276.0,177.0,-1.0,-1.0,0.0,0.0
1270.0,193.0,1281.0,178.0,1275.0,185.0,-1.0,-1.0,0.0,0.0
-1.0,-1.0,-1.0,-1.0,-1.0,-1.0,-1.0,-1.0,-1.0,-1.0
1270.0,190.0,1285.0,200.0,1277.0,195.0,-1.0,-1.0,0.0,0.0
1275.0,179.0,1281.0,192.0,1278.0,185.0,-1.0,-1.0,0.0,0.0
1275.0,199.0,1275.0,199.0,1275.0,199.0,2.11,2.11,0.0,0.0
1265.0,171.0,1269.0,198.0,1267.0,184.0,-1.0,-1.0,0.0,0.0
1256.0,158.0,1279.0,193.0,1267.0,175.0,-1.0,-1.0,0.0,0.0
-1.0,-1.0,-1.0,-1.0,-1.0,-1.0,-1.0,-1.0,-1.0,-1.0
1266.0,162.0,1275.0,191.0,1270.0,176.0,-1.0,-1.0,0.0,0.0
1271.0,162.0,1292.0,178.0,1281.0,170.0,-1.0,-1.0,0.0,0.0
-1.0,-1.0,-1.0,-1.0,-1.0,-1.0,-1.0,-1.0,-1.0,-1.0
1267.0,156.0,1290.0,204.0,1278.0,180.0,-1.0,-1.0,0.0,0.0
1264.0,155.0,1273.0,189.0,1268.0,172.0,-1.0,-1.0,0.0,0.0
-1.0,-1.0,-1.0,-1.0,-1.0,-1.0,-1.0,-1.0,-1.0,-1.0
1259.0,160.0,1267.0,200.0,1263.0,180.0,-1.0,-1.0,0.0,0.0
1268.0,167.0,1280.0,205.0,1274.0,186.0,-1.0,-1.0,0.0,0.0
1287.0,191.0,1287.0,191.0,1287.0,191.0,2.14,2.14,0.0,0.0
1281.0,165.0,1287.0,191.0,1284.0,178.0,-1.0,-1.0,0.0,0.0
1271.0,165.0,1287.0,198.0,1279.0,181.0,-1.0,-1.0,0.0,0.0
-1.0,-1.0,-1.0,-1.0,-1.0,-1.0,-1.0,-1.0,-1.0,-1.0
1257.0,164.0,1284.0,198.0,1270.0,181.0,-1.0,-1.0,0.0,0.0
1251.0,169.0,1288.0,188.0,1269.0,178.0,-1.0,-1.0,0.0,0.0
1293.0,192.0,1293.0,192.0,1293.0,192.0,2.15,2.15,0.0,0.0
1288.0,191.0,1329.0,190.0,1308.0,190.0,-1.0,-1.0,0.0,0.0
1401.0,173.0,1383.0,176.0,1392.0,174.0,-1.0,-1.0,0.0,0.0
1497.0,160.0,1497.0,160.0,1497.0,160.0,2.05,2.05,0.0,0.0
1446.0,154.0,1477.0,163.0,1461.0,158.0,-1.0,-1.0,0.0,0.0
1446.0,169.0,1480.0,165.0,1463.0,167.0,-1.0,-1.0,0.0,0.0
1476.0,167.0,1476.0,167.0,1476.0,167.0,2.02,2.02,0.0,0.0
1441.0,172.0,1498.0,167.0,1469.0,169.0,-1.0,-1.0,0.0,0.0
1444.0,166.0,1470.0,175.0,1457.0,170.0,-1.0,-1.0,0.0,0.0
-1.0,-1.0,-1.0,-1.0,-1.0,-1.0,-1.0,-1.0,-1.0,-1.0
1427.0,161.0,1477.0,172.0,1452.0,166.0,-1.0,-1.0,0.0,0.0
1425.0,163.0,1509.0,162.0,1467.0,162.0,-1.0,-1.0,0.0,0.0
1477.0,179.0,1477.0,179.0,1477.0,179.0,2.05,2.05,0.0,0.0
1416.0,161.0,1481.0,194.0,1448.0,177.0,-1.0,-1.0,0.0,0.0
1412.0,164.0,1475.0,203.0,1443.0,183.0,-1.0,-1.0,0.0,0.0
1478.0,188.0,1478.0,188.0,1478.0,188.0,2.01,2.01,0.0,0.0
1434.0,202.0,1478.0,179.0,1456.0,190.0,-1.0,-1.0,0.0,0.0
1437.0,207.0,1476.0,186.0,1456.0,196.0,-1.0,-1.0,0.0,0.0
-1.0,-1.0,-1.0,-1.0,-1.0,-1.0,-1.0,-1.0,-1.0,-1.0
1433.0,190.0,1471.0,192.0,1452.0,191.0,-1.0,-1.0,0.0,0.0
1424.0,188.0,1462.0,185.0,1443.0,186.0,-1.0,-1.0,0.0,0.0
1452.0,202.0,1452.0,202.0,1452.0,202.0,1.99,1.99,0.0,0.0
1427.0,191.0,1449.0,198.0,1438.0,194.0,-1.0,-1.0,0.0,0.0
1414.0,205.0,1459.0,212.0,1436.0,208.0,-1.0,-1.0,0.0,0.0
1461.0,215.0,1461.0,215.0,1461.0,215.0,2.01,2.01,0.0,0.0
1412.0,213.0,1461.0,215.0,1436.0,214.0,-1.0,-1.0,0.0,0.0
1408.0,207.0,1462.0,216.0,1435.0,211.0,-1.0,-1.0,0.0,0.0
1444.0,212.0,1444.0,212.0,1444.0,212.0,2.01,2.01,0.0,0.0
1412.0,217.0,1446.0,204.0,1429.0,210.0,-1.0,-1.0,0.0,0.0
1422.0,216.0,1437.0,199.0,1429.0,207.0,-1.0,-1.0,0.0,0.0
1442.0,212.0,1442.0,212.0,1442.0,212.0,1.98,1.98,0.0,0.0
1411.0,208.0,1444.0,217.0,1427.0,212.0,-1.0,-1.0,0.0,0.0
1415.0,204.0,1447.0,214.0,1431.0,209.0,-1.0,-1.0,0.0,0.0
1444.0,219.0,1444.0,219.0,1444.0,219.0,1.99,1.99,0.0,0.0
1398.0,186.0,1449.0,219.0,1423.0,202.0,-1.0,-1.0,0.0,0.0
1348.0,180.0,1394.0,235.0,1371.0,207.0,-1.0,-1.0,0.0,0.0
1368.0,229.0,1368.0,229.0,1368.0,229.0,2.05,2.05,0.0,0.0
1322.0,184.0,1362.0,225.0,1342.0,204.0,-1.0,-1.0,0.0,0.0
1322.0,178.0,1356.0,231.0,1339.0,204.0,-1.0,-1.0,0.0,0.0
1346.0,236.0,1346.0,236.0,1346.0,236.0,2.06,2.06,0.0,0.0
1336.0,193.0,1349.0,238.0,1342.0,215.0,-1.0,-1.0,0.0,0.0
1351.0,189.0,1351.0,242.0,1351.0,215.0,-1.0,-1.0,0.0,0.0
-1.0,-1.0,-1.0,-1.0,-1.0,-1.0,-1.0,-1.0,-1.0,-1.0
1349.0,196.0,1351.0,241.0,1350.0,218.0,-1.0,-1.0,0.0,0.0
1335.0,209.0,1352.0,238.0,1343.0,223.0,-1.0,-1.0,0.0,0.0
1349.0,235.0,1349.0,235.0,1349.0,235.0,2.0,2.0,0.0,0.0
1332.0,202.0,1352.0,232.0,1342.0,217.0,-1.0,-1.0,0.0,0.0
1348.0,189.0,1356.0,228.0,1352.0,208.0,-1.0,-1.0,0.0,0.0
1350.0,234.0,1350.0,234.0,1350.0,234.0,2.13,2.13,0.0,0.0
1356.0,185.0,1341.0,234.0,1348.0,209.0,-1.0,-1.0,0.0,0.0
1354.0,192.0,1343.0,233.0,1348.0,212.0,-1.0,-1.0,0.0,0.0
1346.0,236.0,1346.0,236.0,1346.0,236.0,1.95,1.95,0.0,0.0
1347.0,191.0,1365.0,205.0,1356.0,198.0,-1.0,-1.0,0.0,0.0
1338.0,199.0,1367.0,204.0,1352.0,201.0,-1.0,-1.0,0.0,0.0
1363.0,206.0,1363.0,206.0,1363.0,206.0,2.01,2.01,0.0,0.0
1342.0,192.0,1356.0,233.0,1349.0,212.0,-1.0,-1.0,0.0,0.0
1356.0,186.0,1366.0,210.0,1361.0,198.0,-1.0,-1.0,0.0,0.0
1363.0,227.0,1363.0,227.0,1363.0,227.0,2.01,2.01,0.0,0.0
1352.0,167.0,1375.0,201.0,1363.0,184.0,-1.0,-1.0,0.0,0.0
1349.0,149.0,1382.0,205.0,1365.0,177.0,-1.0,-1.0,0.0,0.0
1374.0,200.0,1374.0,200.0,1374.0,200.0,2.02,2.02,0.0,0.0
1354.0,177.0,1378.0,227.0,1366.0,202.0,-1.0,-1.0,0.0,0.0
1347.0,208.0,1359.0,220.0,1353.0,214.0,-1.0,-1.0,0.0,0.0
1359.0,220.0,1359.0,220.0,1359.0,220.0,2.08,2.08,0.0,0.0
1383.0,202.0,1421.0,199.0,1402.0,200.0,-1.0,-1.0,0.0,0.0
1480.0,156.0,1492.0,176.0,1486.0,166.0,-1.0,-1.0,0.0,0.0
1535.0,202.0,1535.0,202.0,1535.0,202.0,2.05,2.05,0.0,0.0
1527.0,165.0,1565.0,196.0,1546.0,180.0,-1.0,-1.0,0.0,0.0
1550.0,190.0,1568.0,214.0,1559.0,202.0,-1.0,-1.0,0.0,0.0
1588.0,189.0,1588.0,189.0,1588.0,189.0,2.1,2.1,0.0,0.0
1562.0,172.0,1596.0,209.0,1579.0,190.0,-1.0,-1.0,0.0,0.0
1556.0,162.0,1596.0,209.0,1576.0,185.0,-1.0,-1.0,0.0,0.0
1562.0,223.0,1562.0,223.0,1562.0,223.0,1.99,1.99,0.0,0.0
1545.0,175.0,1571.0,218.0,1558.0,196.0,-1.0,-1.0,0.0,0.0
1545.0,181.0,1545.0,181.0,1545.0,181.0,-1.0,-1.0,0.0,0.0
-1.0,-1.0,-1.0,-1.0,-1.0,-1.0,-1.0,-1.0,-1.0,-1.0
1550.0,199.0,1561.0,226.0,1555.0,212.0,-1.0,-1.0,0.0,0.0
1530.0,214.0,1530.0,214.0,1530.0,214.0,-1.0,-1.0,0.0,0.0
-1.0,-1.0,-1.0,-1.0,-1.0,-1.0,-1.0,-1.0,-1.0,-1.0
1529.0,206.0,1578.0,226.0,1553.0,216.0,-1.0,-1.0,0.0,0.0
1526.0,207.0,1526.0,207.0,1526.0,207.0,-1.0,-1.0,0.0,0.0
-1.0,-1.0,-1.0,-1.0,-1.0,-1.0,-1.0,-1.0,-1.0,-1.0
1521.0,217.0,1547.0,260.0,1534.0,238.0,-1.0,-1.0,0.0,0.0
1527.0,214.0,1527.0,214.0,1527.0,214.0,-1.0,-1.0,0.0,0.0
-1.0,-1.0,-1.0,-1.0,-1.0,-1.0,-1.0,-1.0,-1.0,-1.0
1532.0,212.0,1564.0,268.0,1548.0,240.0,-1.0,-1.0,0.0,0.0
1523.0,215.0,1523.0,215.0,1523.0,215.0,-1.0,-1.0,0.0,0.0
-1.0,-1.0,-1.0,-1.0,-1.0,-1.0,-1.0,-1.0,-1.0,-1.0
1517.0,215.0,1559.0,262.0,1538.0,238.0,-1.0,-1.0,0.0,0.0
1515.0,220.0,1515.0,220.0,1515.0,220.0,-1.0,-1.0,0.0,0.0
-1.0,-1.0,-1.0,-1.0,-1.0,-1.0,-1.0,-1.0,-1.0,-1.0
1527.0,208.0,1545.0,260.0,1536.0,234.0,-1.0,-1.0,0.0,0.0
1532.0,206.0,1532.0,206.0,1532.0,206.0,-1.0,-1.0,0.0,0.0
-1.0,-1.0,-1.0,-1.0,-1.0,-1.0,-1.0,-1.0,-1.0,-1.0
1540.0,216.0,1573.0,261.0,1556.0,238.0,-1.0,-1.0,0.0,0.0
1539.0,221.0,1539.0,221.0,1539.0,221.0,-1.0,-1.0,0.0,0.0
-1.0,-1.0,-1.0,-1.0,-1.0,-1.0,-1.0,-1.0,-1.0,-1.0
1520.0,221.0,1523.0,281.0,1521.0,251.0,-1.0,-1.0,0.0,0.0
1526.0,222.0,1526.0,222.0,1526.0,222.0,-1.0,-1.0,0.0,0.0
-1.0,-1.0,-1.0,-1.0,-1.0,-1.0,-1.0,-1.0,-1.0,-1.0
1506.0,248.0,1545.0,293.0,1525.0,270.0,-1.0,-1.0,0.0,0.0
1515.0,234.0,1515.0,234.0,1515.0,234.0,-1.0,-1.0,0.0,0.0
-1.0,-1.0,-1.0,-1.0,-1.0,-1.0,-1.0,-1.0,-1.0,-1.0
1518.0,211.0,1558.0,275.0,1538.0,243.0,-1.0,-1.0,0.0,0.0
1519.0,214.0,1558.0,275.0,1538.0,244.0,-1.0,-1.0,0.0,0.0
1567.0,255.0,1567.0,255.0,1567.0,255.0,1.9,1.9,0.0,0.0
1512.0,212.0,1557.0,255.0,1534.0,233.0,-1.0,-1.0,0.0,0.0
1481.0,236.0,1575.0,220.0,1528.0,228.0,-1.0,-1.0,0.0,0.0
1526.0,267.0,1526.0,267.0,1526.0,267.0,1.75,1.75,0.0,0.0
1427.0,314.0,1458.0,405.0,1442.0,359.0,-1.0,-1.0,0.0,0.0
1392.0,375.0,1458.0,405.0,1425.0,390.0,-1.0,-1.0,0.0,0.0
-1.0,-1.0,-1.0,-1.0,-1.0,-1.0,-1.0,-1.0,-1.0,-1.0
1377.0,373.0,1458.0,402.0,1417.0,387.0,-1.0,-1.0,0.0,0.0
1465.0,308.0,1458.0,402.0,1461.0,355.0,-1.0,-1.0,0.0,0.0
-1.0,-1.0,-1.0,-1.0,-1.0,-1.0,-1.0,-1.0,-1.0,-1.0
1509.0,222.0,1638.0,164.0,1573.0,193.0,-1.0,-1.0,0.0,0.0
1563.0,182.0,1613.0,206.0,1588.0,194.0,-1.0,-1.0,0.0,0.0
1614.0,204.0,1614.0,204.0,1614.0,204.0,1.96,1.96,0.0,0.0
1565.0,165.0,1612.0,199.0,1588.0,182.0,-1.0,-1.0,0.0,0.0
1575.0,162.0,1579.0,222.0,1577.0,192.0,-1.0,-1.0,0.0,0.0
1562.0,247.0,1562.0,247.0,1562.0,247.0,1.95,1.95,0.0,0.0
1573.0,171.0,1568.0,238.0,1570.0,204.0,-1.0,-1.0,0.0,0.0
1579.0,167.0,1568.0,239.0,1573.0,203.0,-1.0,-1.0,0.0,0.0
1565.0,234.0,1565.0,234.0,1565.0,234.0,2.0,2.0,0.0,0.0
1579.0,160.0,1574.0,228.0,1576.0,194.0,-1.0,-1.0,0.0,0.0
1570.0,162.0,1570.0,162.0,1570.0,162.0,-1.0,-1.0,0.0,0.0
1606.0,193.0,1606.0,193.0,1606.0,193.0,2.01,2.01,0.0,0.0
1579.0,172.0,1605.0,191.0,1592.0,181.0,-1.0,-1.0,0.0,0.0
1586.0,169.0,1586.0,169.0,1586.0,169.0,-1.0,-1.0,0.0,0.0
-1.0,-1.0,-1.0,-1.0,-1.0,-1.0,-1.0,-1.0,-1.0,-1.0
1544.0,162.0,1596.0,190.0,1570.0,176.0,-1.0,-1.0,0.0,0.0
1428.0,180.0,1561.0,193.0,1494.0,186.0,-1.0,-1.0,0.0,0.0
1445.0,196.0,1445.0,196.0,1445.0,196.0,2.06,2.06,0.0,0.0
1237.0,206.0,1302.0,202.0,1269.0,204.0,-1.0,-1.0,0.0,0.0
1017.0,210.0,1181.0,219.0,1099.0,214.0,-1.0,-1.0,0.0,0.0
1020.0,244.0,1020.0,244.0,1020.0,244.0,1.93,1.93,0.0,0.0
834.0,231.0,897.0,290.0,865.0,260.0,-1.0,-1.0,0.0,0.0
652.0,259.0,790.0,309.0,721.0,284.0,-1.0,-1.0,0.0,0.0
-1.0,-1.0,-1.0,-1.0,-1.0,-1.0,-1.0,-1.0,-1.0,-1.0
538.0,260.0,696.0,307.0,617.0,283.0,-1.0,-1.0,0.0,0.0
411.0,243.0,493.0,345.0,452.0,294.0,-1.0,-1.0,0.0,0.0
451.0,339.0,451.0,339.0,451.0,339.0,1.99,1.99,0.0,0.0
384.0,263.0,384.0,263.0,384.0,263.0,-1.0,-1.0,0.0,0.0
381.0,268.0,381.0,268.0,381.0,268.0,-1.0,-1.0,0.0,0.0
460.0,380.0,460.0,380.0,460.0,380.0,2.26,2.26,0.0,0.0
383.0,263.0,383.0,263.0,383.0,263.0,-1.0,-1.0,0.0,0.0
381.0,259.0,408.0,402.0,394.0,330.0,-1.0,-1.0,0.0,0.0
384.0,356.0,384.0,356.0,384.0,356.0,2.01,2.01,0.0,0.0
383.0,260.0,409.0,360.0,396.0,310.0,-1.0,-1.0,0.0,0.0
391.0,267.0,388.0,357.0,389.0,312.0,-1.0,-1.0,0.0,0.0
391.0,266.0,391.0,266.0,391.0,266.0,2.99,2.99,0.0,0.0
388.0,244.0,385.0,356.0,386.0,300.0,-1.0,-1.0,0.0,0.0
371.0,259.0,399.0,342.0,385.0,300.0,-1.0,-1.0,0.0,0.0
427.0,388.0,427.0,388.0,427.0,388.0,2.28,2.28,0.0,0.0
366.0,276.0,424.0,391.0,395.0,333.0,-1.0,-1.0,0.0,0.0
369.0,264.0,410.0,363.0,389.0,313.0,-1.0,-1.0,0.0,0.0
377.0,356.0,377.0,356.0,377.0,356.0,2.1,2.1,0.0,0.0
299.0,239.0,329.0,340.0,314.0,289.0,-1.0,-1.0,0.0,0.0
193.0,258.0,267.0,323.0,230.0,290.0,-1.0,-1.0,0.0,0.0
266.0,360.0,266.0,360.0,266.0,360.0,2.44,2.44,0.0,0.0
152.0,251.0,218.0,322.0,185.0,286.0,-1.0,-1.0,0.0,0.0
143.0,253.0,212.0,322.0,177.0,287.0,-1.0,-1.0,0.0,0.0
-1.0,-1.0,-1.0,-1.0,-1.0,-1.0,-1.0,-1.0,-1.0,-1.0
160.0,291.0,186.0,315.0,173.0,303.0,-1.0,-1.0,0.0,0.0
183.0,302.0,177.0,308.0,180.0,305.0,-1.0,-1.0,0.0,0.0
178.0,306.0,178.0,306.0,178.0,306.0,2.15,2.15,0.0,0.0
169.0,270.0,178.0,300.0,173.0,285.0,-1.0,-1.0,0.0,0.0
-1.0,-1.0,-1.0,-1.0,-1.0,-1.0,-1.0,-1.0,-1.0,-1.0
177.0,299.0,177.0,299.0,177.0,299.0,2.2,2.2,0.0,0.0
177.0,275.0,181.0,299.0,179.0,287.0,-1.0,-1.0,0.0,0.0
164.0,271.0,186.0,302.0,175.0,286.0,-1.0,-1.0,0.0,0.0
186.0,302.0,186.0,302.0,186.0,302.0,2.2,2.2,0.0,0.0
173.0,272.0,187.0,322.0,180.0,297.0,-1.0,-1.0,0.0,0.0
177.0,312.0,181.0,307.0,179.0,309.0,-1.0,-1.0,0.0,0.0
-1.0,-1.0,-1.0,-1.0,-1.0,-1.0,-1.0,-1.0,-1.0,-1.0
180.0,306.0,182.0,304.0,181.0,305.0,-1.0,-1.0,0.0,0.0
181.0,305.0,187.0,329.0,184.0,317.0,-1.0,-1.0,0.0,0.0
173.0,310.0,173.0,310.0,173.0,310.0,2.09,2.09,0.0,0.0
145.0,278.0,150.0,280.0,147.0,279.0,-1.0,-1.0,0.0,0.0
136.0,245.0,141.0,241.0,138.0,243.0,-1.0,-1.0,0.0,0.0
137.0,225.0,137.0,225.0,137.0,225.0,2.24,2.24,0.0,0.0
150.0,257.0,172.0,285.0,161.0,271.0,-1.0,-1.0,0.0,0.0
139.0,243.0,142.0,274.0,140.0,258.0,-1.0,-1.0,0.0,0.0
146.0,278.0,146.0,278.0,146.0,278.0,2.09,2.09,0.0,0.0
124.0,231.0,155.0,282.0,139.0,256.0,-1.0,-1.0,0.0,0.0
133.0,227.0,143.0,257.0,138.0,242.0,-1.0,-1.0,0.0,0.0
194.0,265.0,138.0,237.0,166.0,251.0,1.46,2.0,0.0,0.0
202.0,267.0,133.0,238.0,167.0,252.0,-1.0,-1.0,0.0,0.0
136.0,245.0,141.0,233.0,138.0,239.0,-1.0,-1.0,0.0,0.0
147.0,248.0,147.0,248.0,147.0,248.0,2.17,2.17,0.0,0.0
138.0,244.0,141.0,242.0,139.0,243.0,-1.0,-1.0,0.0,0.0
202.0,270.0,147.0,249.0,174.0,259.0,-1.0,-1.0,0.0,0.0
125.0,213.0,147.0,242.0,136.0,227.0,1.72,2.13,0.0,0.0
125.0,214.0,148.0,253.0,136.0,233.0,-1.0,-1.0,0.0,0.0
118.0,214.0,146.0,256.0,132.0,235.0,-1.0,-1.0,0.0,0.0
132.0,254.0,132.0,254.0,132.0,254.0,2.13,2.13,0.0,0.0
129.0,217.0,159.0,258.0,144.0,237.0,-1.0,-1.0,0.0,0.0
129.0,221.0,142.0,256.0,135.0,238.0,-1.0,-1.0,0.0,0.0
152.0,265.0,152.0,265.0,152.0,265.0,2.11,2.11,0.0,0.0
137.0,272.0,152.0,268.0,144.0,270.0,-1.0,-1.0,0.0,0.0
151.0,275.0,150.0,257.0,150.0,266.0,-1.0,-1.0,0.0,0.0
-1.0,-1.0,-1.0,-1.0,-1.0,-1.0,-1.0,-1.0,-1.0,-1.0
158.0,264.0,142.0,249.0,150.0,256.0,-1.0,-1.0,0.0,0.0
157.0,278.0,154.0,254.0,155.0,266.0,-1.0,-1.0,0.0,0.0
154.0,257.0,154.0,257.0,154.0,257.0,2.15,2.15,0.0,0.0
201.0,287.0,188.0,263.0,194.0,275.0,-1.0,-1.0,0.0,0.0
258.0,293.0,218.0,272.0,238.0,282.0,-1.0,-1.0,0.0,0.0
244.0,273.0,244.0,273.0,244.0,273.0,2.13,2.13,0.0,0.0
262.0,293.0,260.0,278.0,261.0,285.0,-1.0,-1.0,0.0,0.0
276.0,293.0,246.0,278.0,261.0,285.0,-1.0,-1.0,0.0,0.0
262.0,273.0,262.0,273.0,262.0,273.0,2.14,2.14,0.0,0.0
282.0,278.0,261.0,278.0,271.0,278.0,-1.0,-1.0,0.0,0.0
269.0,282.0,259.0,271.0,264.0,276.0,-1.0,-1.0,0.0,0.0
263.0,284.0,263.0,284.0,263.0,284.0,2.28,2.28,0.0,0.0
271.0,298.0,246.0,263.0,258.0,280.0,-1.0,-1.0,0.0,0.0
274.0,309.0,258.0,290.0,266.0,299.0,-1.0,-1.0,0.0,0.0
251.0,279.0,251.0,279.0,251.0,279.0,2.3,2.3,0.0,0.0
273.0,300.0,259.0,283.0,266.0,291.0,-1.0,-1.0,0.0,0.0
283.0,285.0,261.0,274.0,272.0,279.0,-1.0,-1.0,0.0,0.0
261.0,274.0,261.0,274.0,261.0,274.0,2.19,2.19,0.0,0.0
281.0,297.0,249.0,267.0,265.0,282.0,-1.0,-1.0,0.0,0.0
278.0,308.0,253.0,255.0,265.0,281.0,-1.0,-1.0,0.0,0.0
260.0,265.0,260.0,265.0,260.0,265.0,2.28,2.28,0.0,0.0
269.0,301.0,258.0,264.0,263.0,282.0,-1.0,-1.0,0.0,0.0
268.0,293.0,257.0,266.0,262.0,279.0,-1.0,-1.0,0.0,0.0
259.0,252.0,259.0,252.0,259.0,252.0,2.31,2.31,0.0,0.0
266.0,283.0,260.0,247.0,263.0,265.0,-1.0,-1.0,0.0,0.0
267.0,284.0,259.0,279.0,263.0,281.0,-1.0,-1.0,0.0,0.0
263.0,277.0,263.0,277.0,263.0,277.0,2.33,2.33,0.0,0.0
277.0,286.0,262.0,283.0,269.0,284.0,-1.0,-1.0,0.0,0.0
271.0,294.0,262.0,286.0,266.0,290.0,-1.0,-1.0,0.0,0.0
257.0,279.0,257.0,279.0,257.0,279.0,2.14,2.14,0.0,0.0
257.0,305.0,264.0,290.0,260.0,297.0,-1.0,-1.0,0.0,0.0
248.0,287.0,242.0,282.0,245.0,284.0,-1.0,-1.0,0.0,0.0
253.0,286.0,253.0,286.0,253.0,286.0,2.33,2.33,0.0,0.0
231.0,285.0,235.0,292.0,233.0,288.0,-1.0,-1.0,0.0,0.0
-1.0,-1.0,-1.0,-1.0,-1.0,-1.0,-1.0,-1.0,-1.0,-1.0
232.0,281.0,232.0,281.0,232.0,281.0,2.24,2.24,0.0,0.0
234.0,278.0,238.0,282.0,236.0,280.0,-1.0,-1.0,0.0,0.0
230.0,279.0,226.0,273.0,228.0,276.0,-1.0,-1.0,0.0,0.0
222.0,273.0,222.0,273.0,222.0,273.0,2.27,2.27,0.0,0.0
241.0,288.0,204.0,243.0,222.0,265.0,-1.0,-1.0,0.0,0.0
246.0,283.0,204.0,245.0,225.0,264.0,-1.0,-1.0,0.0,0.0
204.0,245.0,204.0,245.0,204.0,245.0,2.53,2.53,0.0,0.0
244.0,277.0,218.0,256.0,231.0,266.0,-1.0,-1.0,0.0,0.0
247.0,281.0,225.0,261.0,236.0,271.0,-1.0,-1.0,0.0,0.0
222.0,269.0,222.0,269.0,222.0,269.0,2.19,2.19,0.0,0.0
239.0,275.0,217.0,273.0,228.0,274.0,-1.0,-1.0,0.0,0.0
234.0,277.0,214.0,275.0,224.0,276.0,-1.0,-1.0,0.0,0.0
218.0,279.0,218.0,279.0,218.0,279.0,2.22,2.22,0.0,0.0
241.0,282.0,223.0,281.0,232.0,281.0,-1.0,-1.0,0.0,0.0
239.0,285.0,221.0,275.0,230.0,280.0,-1.0,-1.0,0.0,0.0
215.0,266.0,215.0,266.0,215.0,266.0,2.26,2.26,0.0,0.0
236.0,281.0,218.0,263.0,227.0,272.0,-1.0,-1.0,0.0,0.0
238.0,278.0,219.0,284.0,228.0,281.0,-1.0,-1.0,0.0,0.0
-1.0,-1.0,-1.0,-1.0,-1.0,-1.0,-1.0,-1.0,-1.0,-1.0
227.0,275.0,228.0,286.0,227.0,280.0,-1.0,-1.0,0.0,0.0
234.0,277.0,237.0,283.0,235.0,280.0,-1.0,-1.0,0.0,0.0
240.0,282.0,240.0,282.0,240.0,282.0,2.12,2.12,0.0,0.0
237.0,271.0,223.0,276.0,230.0,273.0,-1.0,-1.0,0.0,0.0
233.0,262.0,219.0,263.0,226.0,262.0,-1.0,-1.0,0.0,0.0
221.0,265.0,221.0,265.0,221.0,265.0,2.24,2.24,0.0,0.0
235.0,262.0,224.0,271.0,229.0,266.0,-1.0,-1.0,0.0,0.0
231.0,276.0,219.0,275.0,225.0,275.0,-1.0,-1.0,0.0,0.0
217.0,274.0,217.0,274.0,217.0,274.0,2.23,2.23,0.0,0.0
235.0,285.0,228.0,285.0,231.0,285.0,-1.0,-1.0,0.0,0.0
240.0,285.0,221.0,282.0,230.0,283.0,-1.0,-1.0,0.0,0.0
217.0,281.0,217.0,281.0,217.0,281.0,2.22,2.22,0.0,0.0
230.0,278.0,212.0,271.0,221.0,274.0,-1.0,-1.0,0.0,0.0
232.0,275.0,210.0,265.0,221.0,270.0,-1.0,-1.0,0.0,0.0
219.0,269.0,219.0,269.0,219.0,269.0,2.21,2.21,0.0,0.0
248.0,267.0,222.0,272.0,235.0,269.0,-1.0,-1.0,0.0,0.0
244.0,269.0,224.0,271.0,234.0,270.0,-1.0,-1.0,0.0,0.0
216.0,269.0,216.0,269.0,216.0,269.0,2.26,2.26,0.0,0.0
244.0,271.0,222.0,273.0,233.0,272.0,-1.0,-1.0,0.0,0.0
248.0,288.0,227.0,281.0,237.0,284.0,-1.0,-1.0,0.0,0.0
241.0,288.0,241.0,288.0,241.0,288.0,2.28,2.28,0.0,0.0
248.0,292.0,242.0,294.0,245.0,293.0,-1.0,-1.0,0.0,0.0
241.0,280.0,244.0,300.0,242.0,290.0,-1.0,-1.0,0.0,0.0
222.0,280.0,222.0,280.0,222.0,280.0,2.19,2.19,0.0,0.0
228.0,285.0,223.0,276.0,225.0,280.0,-1.0,-1.0,0.0,0.0
242.0,291.0,231.0,252.0,236.0,271.0,-1.0,-1.0,0.0,0.0
269.0,291.0,267.0,260.0,268.0,275.0,1.83,2.17,0.0,0.0
312.0,281.0,313.0,256.0,312.0,268.0,-1.0,-1.0,0.0,0.0
354.0,285.0,337.0,276.0,345.0,280.0,-1.0,-1.0,0.0,0.0
347.0,269.0,347.0,269.0,347.0,269.0,2.16,2.16,0.0,0.0
361.0,294.0,342.0,246.0,351.0,270.0,-1.0,-1.0,0.0,0.0
360.0,305.0,342.0,246.0,351.0,275.0,-1.0,-1.0,0.0,0.0
351.0,285.0,351.0,285.0,351.0,285.0,2.22,2.22,0.0,0.0
373.0,292.0,351.0,288.0,362.0,290.0,-1.0,-1.0,0.0,0.0
376.0,278.0,351.0,267.0,363.0,272.0,-1.0,-1.0,0.0,0.0
350.0,264.0,350.0,264.0,350.0,264.0,2.23,2.23,0.0,0.0
378.0,289.0,357.0,272.0,367.0,280.0,-1.0,-1.0,0.0,0.0
378.0,301.0,357.0,284.0,367.0,292.0,-1.0,-1.0,0.0,0.0
355.0,288.0,355.0,288.0,355.0,288.0,2.21,2.21,0.0,0.0
375.0,296.0,353.0,281.0,364.0,288.0,-1.0,-1.0,0.0,0.0
392.0,280.0,358.0,263.0,375.0,271.0,-1.0,-1.0,0.0,0.0
351.0,259.0,351.0,259.0,351.0,259.0,2.23,2.23,0.0,0.0
390.0,282.0,353.0,257.0,371.0,269.0,-1.0,-1.0,0.0,0.0
377.0,296.0,348.0,253.0,362.0,274.0,-1.0,-1.0,0.0,0.0
347.0,272.0,347.0,272.0,347.0,272.0,2.13,2.13,0.0,0.0
380.0,302.0,355.0,279.0,367.0,290.0,-1.0,-1.0,0.0,0.0
380.0,289.0,354.0,268.0,367.0,278.0,-1.0,-1.0,0.0,0.0
-1.0,-1.0,-1.0,-1.0,-1.0,-1.0,-1.0,-1.0,-1.0,-1.0
380.0,282.0,351.0,274.0,365.0,278.0,-1.0,-1.0,0.0,0.0
366.0,291.0,352.0,276.0,359.0,283.0,-1.0,-1.0,0.0,0.0
-1.0,-1.0,-1.0,-1.0,-1.0,-1.0,-1.0,-1.0,-1.0,-1.0
367.0,283.0,365.0,273.0,366.0,278.0,-1.0,-1.0,0.0,0.0
378.0,269.0,368.0,285.0,373.0,277.0,-1.0,-1.0,0.0,0.0
352.0,282.0,352.0,282.0,352.0,282.0,2.22,2.22,0.0,0.0
379.0,276.0,360.0,285.0,369.0,280.0,-1.0,-1.0,0.0,0.0
386.0,286.0,363.0,282.0,374.0,284.0,-1.0,-1.0,0.0,0.0
377.0,295.0,377.0,295.0,377.0,295.0,2.26,2.26,0.0,0.0
385.0,272.0,366.0,296.0,375.0,284.0,-1.0,-1.0,0.0,0.0
383.0,268.0,357.0,290.0,370.0,279.0,-1.0,-1.0,0.0,0.0
341.0,272.0,341.0,272.0,341.0,272.0,2.12,2.12,0.0,0.0
367.0,275.0,339.0,268.0,353.0,271.0,-1.0,-1.0,0.0,0.0
375.0,277.0,345.0,258.0,360.0,267.0,-1.0,-1.0,0.0,0.0
363.0,269.0,363.0,269.0,363.0,269.0,2.21,2.21,0.0,0.0
390.0,275.0,366.0,270.0,378.0,272.0,-1.0,-1.0,0.0,0.0
390.0,275.0,364.0,276.0,377.0,275.0,-1.0,-1.0,0.0,0.0
351.0,271.0,351.0,271.0,351.0,271.0,2.18,2.18,0.0,0.0
377.0,267.0,343.0,273.0,360.0,270.0,-1.0,-1.0,0.0,0.0
388.0,271.0,360.0,266.0,374.0,268.0,-1.0,-1.0,0.0,0.0
396.0,240.0,396.0,240.0,396.0,240.0,1.95,1.95,0.0,0.0
442.0,277.0,461.0,237.0,451.0,257.0,-1.0,-1.0,0.0,0.0
492.0,291.0,512.0,278.0,502.0,284.0,-1.0,-1.0,0.0,0.0
512.0,279.0,512.0,279.0,512.0,279.0,2.32,2.32,0.0,0.0
513.0,288.0,526.0,308.0,519.0,298.0,-1.0,-1.0,0.0,0.0
531.0,294.0,532.0,312.0,531.0,303.0,-1.0,-1.0,0.0,0.0
539.0,268.0,539.0,268.0,539.0,268.0,2.1,2.1,0.0,0.0
527.0,309.0,539.0,268.0,533.0,288.0,-1.0,-1.0,0.0,0.0
527.0,310.0,533.0,274.0,530.0,292.0,-1.0,-1.0,0.0,0.0
507.0,274.0,507.0,274.0,507.0,274.0,2.01,2.01,0.0,0.0
543.0,305.0,503.0,275.0,523.0,290.0,-1.0,-1.0,0.0,0.0
532.0,303.0,518.0,276.0,525.0,289.0,-1.0,-1.0,0.0,0.0
-1.0,-1.0,-1.0,-1.0,-1.0,-1.0,-1.0,-1.0,-1.0,-1.0
528.0,299.0,506.0,263.0,517.0,281.0,-1.0,-1.0,0.0,0.0
532.0,282.0,524.0,288.0,528.0,285.0,-1.0,-1.0,0.0,0.0
-1.0,-1.0,-1.0,-1.0,-1.0,-1.0,-1.0,-1.0,-1.0,-1.0
535.0,274.0,525.0,290.0,530.0,282.0,-1.0,-1.0,0.0,0.0
542.0,278.0,528.0,289.0,535.0,283.0,-1.0,-1.0,0.0,0.0
528.0,289.0,528.0,289.0,528.0,289.0,2.0,2.0,0.0,0.0
538.0,285.0,532.0,275.0,535.0,280.0,-1.0,-1.0,0.0,0.0
530.0,286.0,537.0,272.0,533.0,279.0,-1.0,-1.0,0.0,0.0
537.0,272.0,537.0,272.0,537.0,272.0,2.13,2.13,0.0,0.0
521.0,287.0,518.0,282.0,519.0,284.0,-1.0,-1.0,0.0,0.0
523.0,285.0,515.0,292.0,519.0,288.0,-1.0,-1.0,0.0,0.0
522.0,294.0,522.0,294.0,522.0,294.0,1.75,1.75,0.0,0.0
537.0,283.0,538.0,293.0,537.0,288.0,-1.0,-1.0,0.0,0.0
528.0,290.0,536.0,292.0,532.0,291.0,-1.0,-1.0,0.0,0.0
520.0,291.0,526.0,285.0,523.0,288.0,1.71,2.14,0.0,0.0
517.0,287.0,522.0,292.0,519.0,289.0,-1.0,-1.0,0.0,0.0
529.0,289.0,529.0,280.0,529.0,284.0,-1.0,-1.0,0.0,0.0
477.0,268.0,529.0,285.0,503.0,276.0,1.43,2.08,0.0,0.0
476.0,268.0,531.0,288.0,503.0,278.0,-1.0,-1.0,0.0,0.0
467.0,271.0,538.0,296.0,502.0,283.0,-1.0,-1.0,0.0,0.0
550.0,301.0,550.0,301.0,550.0,301.0,1.83,1.83,0.0,0.0
492.0,264.0,593.0,257.0,542.0,260.0,-1.0,-1.0,0.0,0.0
675.0,288.0,686.0,292.0,680.0,290.0,-1.0,-1.0,0.0,0.0
-1.0,-1.0,-1.0,-1.0,-1.0,-1.0,-1.0,-1.0,-1.0,-1.0
706.0,286.0,710.0,291.0,708.0,288.0,-1.0,-1.0,0.0,0.0
719.0,288.0,714.0,293.0,716.0,290.0,-1.0,-1.0,0.0,0.0
-1.0,-1.0,-1.0,-1.0,-1.0,-1.0,-1.0,-1.0,-1.0,-1.0
718.0,286.0,719.0,294.0,718.0,290.0,-1.0,-1.0,0.0,0.0
708.0,290.0,709.0,291.0,708.0,290.0,-1.0,-1.0,0.0,0.0
-1.0,-1.0,-1.0,-1.0,-1.0,-1.0,-1.0,-1.0,-1.0,-1.0
708.0,290.0,699.0,281.0,703.0,285.0,-1.0,-1.0,0.0,0.0
708.0,291.0,703.0,280.0,705.0,285.0,-1.0,-1.0,0.0,0.0
703.0,280.0,703.0,280.0,703.0,280.0,2.22,2.22,0.0,0.0
703.0,291.0,710.0,314.0,706.0,302.0,-1.0,-1.0,0.0,0.0
707.0,295.0,712.0,315.0,709.0,305.0,-1.0,-1.0,0.0,0.0
716.0,294.0,716.0,294.0,716.0,294.0,2.07,2.07,0.0,0.0
705.0,290.0,702.0,276.0,703.0,283.0,-1.0,-1.0,0.0,0.0
713.0,291.0,700.0,286.0,706.0,288.0,-1.0,-1.0,0.0,0.0
700.0,286.0,700.0,286.0,700.0,286.0,2.1,2.1,0.0,0.0
716.0,295.0,705.0,283.0,710.0,289.0,-1.0,-1.0,0.0,0.0
701.0,294.0,701.0,280.0,701.0,287.0,-1.0,-1.0,0.0,0.0
-1.0,-1.0,-1.0,-1.0,-1.0,-1.0,-1.0,-1.0,-1.0,-1.0
697.0,294.0,700.0,285.0,698.0,289.0,-1.0,-1.0,0.0,0.0
713.0,287.0,701.0,289.0,707.0,288.0,-1.0,-1.0,0.0,0.0
713.0,291.0,713.0,291.0,713.0,291.0,1.91,1.91,0.0,0.0
730.0,278.0,708.0,283.0,719.0,280.0,-1.0,-1.0,0.0,0.0
722.0,283.0,704.0,278.0,713.0,280.0,-1.0,-1.0,0.0,0.0
698.0,293.0,698.0,293.0,698.0,293.0,2.13,2.13,0.0,0.0
700.0,288.0,713.0,303.0,706.0,295.0,-1.0,-1.0,0.0,0.0
712.0,281.0,711.0,301.0,711.0,291.0,-1.0,-1.0,0.0,0.0
731.0,305.0,731.0,305.0,731.0,305.0,1.89,1.89,0.0,0.0
711.0,284.0,732.0,305.0,721.0,294.0,-1.0,-1.0,0.0,0.0
710.0,282.0,716.0,299.0,713.0,290.0,-1.0,-1.0,0.0,0.0
716.0,299.0,716.0,299.0,716.0,299.0,1.96,1.96,0.0,0.0
711.0,286.0,709.0,303.0,710.0,294.0,-1.0,-1.0,0.0,0.0
707.0,304.0,705.0,296.0,706.0,300.0,-1.0,-1.0,0.0,0.0
717.0,304.0,717.0,304.0,717.0,304.0,1.91,1.91,0.0,0.0
707.0,297.0,720.0,303.0,713.0,300.0,-1.0,-1.0,0.0,0.0
712.0,287.0,706.0,321.0,709.0,304.0,-1.0,-1.0,0.0,0.0
700.0,298.0,700.0,298.0,700.0,298.0,1.87,1.87,0.0,0.0
705.0,279.0,694.0,294.0,699.0,286.0,-1.0,-1.0,0.0,0.0
703.0,276.0,709.0,299.0,706.0,287.0,-1.0,-1.0,0.0,0.0
709.0,299.0,709.0,299.0,709.0,299.0,2.23,2.23,0.0,0.0
699.0,281.0,715.0,294.0,707.0,287.0,-1.0,-1.0,0.0,0.0
692.0,288.0,708.0,322.0,700.0,305.0,-1.0,-1.0,0.0,0.0
703.0,298.0,703.0,298.0,703.0,298.0,1.92,1.92,0.0,0.0
679.0,281.0,702.0,297.0,690.0,289.0,-1.0,-1.0,0.0,0.0
689.0,272.0,708.0,291.0,698.0,281.0,-1.0,-1.0,0.0,0.0
704.0,293.0,704.0,293.0,704.0,293.0,2.04,2.04,0.0,0.0
715.0,286.0,701.0,290.0,708.0,288.0,-1.0,-1.0,0.0,0.0
724.0,293.0,705.0,292.0,714.0,292.0,-1.0,-1.0,0.0,0.0
705.0,286.0,705.0,286.0,705.0,286.0,2.02,2.02,0.0,0.0
721.0,291.0,703.0,294.0,712.0,292.0,-1.0,-1.0,0.0,0.0
709.0,292.0,706.0,295.0,707.0,293.0,-1.0,-1.0,0.0,0.0
709.0,292.0,706.0,296.0,707.0,294.0,3.03,2.04,0.0,0.0
701.0,281.0,712.0,295.0,706.0,288.0,-1.0,-1.0,0.0,0.0
707.0,259.0,702.0,293.0,704.0,276.0,-1.0,-1.0,0.0,0.0
-1.0,-1.0,-1.0,-1.0,-1.0,-1.0,-1.0,-1.0,-1.0,-1.0
702.0,269.0,704.0,288.0,703.0,278.0,-1.0,-1.0,0.0,0.0
719.0,275.0,726.0,286.0,722.0,280.0,-1.0,-1.0,0.0,0.0
724.0,287.0,724.0,287.0,724.0,287.0,2.98,2.98,0.0,0.0
768.0,255.0,798.0,290.0,783.0,272.0,-1.0,-1.0,0.0,0.0
799.0,268.0,826.0,293.0,812.0,280.0,-1.0,-1.0,0.0,0.0
826.0,293.0,826.0,293.0,826.0,293.0,1.97,1.97,0.0,0.0
829.0,270.0,834.0,288.0,831.0,279.0,-1.0,-1.0,0.0,0.0
836.0,266.0,837.0,272.0,836.0,269.0,-1.0,-1.0,0.0,0.0
-1.0,-1.0,-1.0,-1.0,-1.0,-1.0,-1.0,-1.0,-1.0,-1.0
834.0,258.0,828.0,268.0,831.0,263.0,-1.0,-1.0,0.0,0.0
832.0,254.0,816.0,278.0,824.0,266.0,-1.0,-1.0,0.0,0.0
818.0,280.0,818.0,280.0,818.0,280.0,2.05,2.05,0.0,0.0
838.0,254.0,814.0,285.0,826.0,269.0,-1.0,-1.0,0.0,0.0
839.0,270.0,831.0,284.0,835.0,277.0,-1.0,-1.0,0.0,0.0
-1.0,-1.0,-1.0,-1.0,-1.0,-1.0,-1.0,-1.0,-1.0,-1.0
819.0,286.0,838.0,290.0,828.0,288.0,-1.0,-1.0,0.0,0.0
824.0,266.0,831.0,291.0,827.0,278.0,-1.0,-1.0,0.0,0.0
832.0,290.0,832.0,290.0,832.0,290.0,2.76,2.76,0.0,0.0
835.0,271.0,830.0,282.0,832.0,276.0,-1.0,-1.0,0.0,0.0
829.0,273.0,823.0,288.0,826.0,280.0,-1.0,-1.0,0.0,0.0
823.0,288.0,823.0,288.0,823.0,288.0,3.1,3.1,0.0,0.0
828.0,268.0,827.0,280.0,827.0,274.0,-1.0,-1.0,0.0,0.0
825.0,283.0,833.0,262.0,829.0,272.0,-1.0,-1.0,0.0,0.0
-1.0,-1.0,-1.0,-1.0,-1.0,-1.0,-1.0,-1.0,-1.0,-1.0
825.0,277.0,831.0,273.0,828.0,275.0,-1.0,-1.0,0.0,0.0
823.0,273.0,834.0,285.0,828.0,279.0,-1.0,-1.0,0.0,0.0
-1.0,-1.0,-1.0,-1.0,-1.0,-1.0,-1.0,-1.0,-1.0,-1.0
829.0,272.0,836.0,278.0,832.0,275.0,-1.0,-1.0,0.0,0.0
844.0,267.0,841.0,276.0,842.0,271.0,-1.0,-1.0,0.0,0.0
-1.0,-1.0,-1.0,-1.0,-1.0,-1.0,-1.0,-1.0,-1.0,-1.0
840.0,264.0,839.0,280.0,839.0,272.0,-1.0,-1.0,0.0,0.0
832.0,277.0,842.0,289.0,837.0,283.0,-1.0,-1.0,0.0,0.0
832.0,277.0,842.0,289.0,837.0,283.0,3.68,2.82,0.0,0.0
867.0,262.0,904.0,291.0,885.0,276.0,-1.0,-1.0,0.0,0.0
954.0,255.0,993.0,283.0,973.0,269.0,-1.0,-1.0,0.0,0.0
993.0,283.0,993.0,283.0,993.0,283.0,2.65,2.65,0.0,0.0
982.0,285.0,1013.0,267.0,997.0,276.0,-1.0,-1.0,0.0,0.0
995.0,279.0,1026.0,251.0,1010.0,265.0,-1.0,-1.0,0.0,0.0
1006.0,231.0,1006.0,231.0,1006.0,231.0,2.0,2.0,0.0,0.0
1003.0,268.0,1024.0,261.0,1013.0,264.0,-1.0,-1.0,0.0,0.0
-1.0,-1.0,-1.0,-1.0,-1.0,-1.0,-1.0,-1.0,-1.0,-1.0
1016.0,279.0,1016.0,279.0,1016.0,279.0,2.21,2.21,0.0,0.0
1005.0,271.0,1014.0,276.0,1009.0,273.0,-1.0,-1.0,0.0,0.0
996.0,273.0,1025.0,250.0,1010.0,261.0,-1.0,-1.0,0.0,0.0
996.0,273.0,1024.0,250.0,1010.0,261.0,2.94,2.76,0.0,0.0
987.0,272.0,1029.0,242.0,1008.0,257.0,-1.0,-1.0,0.0,0.0
1002.0,280.0,1028.0,250.0,1015.0,265.0,-1.0,-1.0,0.0,0.0
1028.0,250.0,1028.0,250.0,1028.0,250.0,2.85,2.85,0.0,0.0
1013.0,286.0,1033.0,273.0,1023.0,279.0,-1.0,-1.0,0.0,0.0
1004.0,274.0,1030.0,265.0,1017.0,269.0,-1.0,-1.0,0.0,0.0
-1.0,-1.0,-1.0,-1.0,-1.0,-1.0,-1.0,-1.0,-1.0,-1.0
1017.0,272.0,1025.0,255.0,1021.0,263.0,-1.0,-1.0,0.0,0.0
1013.0,276.0,1018.0,269.0,1015.0,272.0,-1.0,-1.0,0.0,0.0
1016.0,275.0,1016.0,275.0,1016.0,275.0,2.03,2.03,0.0,0.0
1004.0,276.0,1026.0,291.0,1015.0,283.0,-1.0,-1.0,0.0,0.0
1008.0,274.0,1023.0,302.0,1015.0,288.0,-1.0,-1.0,0.0,0.0
1006.0,274.0,1022.0,298.0,1014.0,286.0,3.42,2.0,0.0,0.0
998.0,277.0,991.0,270.0,994.0,273.0,-1.0,-1.0,0.0,0.0
1011.0,270.0,990.0,270.0,1000.0,270.0,-1.0,-1.0,0.0,0.0
1015.0,264.0,1008.0,276.0,1011.0,270.0,3.47,2.04,0.0,0.0
1014.0,254.0,1017.0,275.0,1015.0,264.0,-1.0,-1.0,0.0,0.0
1000.0,254.0,1011.0,277.0,1005.0,265.0,-1.0,-1.0,0.0,0.0
1013.0,280.0,1013.0,280.0,1013.0,280.0,2.11,2.11,0.0,0.0
988.0,246.0,1007.0,287.0,997.0,266.0,-1.0,-1.0,0.0,0.0
978.0,247.0,1000.0,296.0,989.0,271.0,-1.0,-1.0,0.0,0.0
978.0,246.0,999.0,293.0,988.0,269.0,2.46,1.85,0.0,0.0
979.0,246.0,1015.0,301.0,997.0,273.0,-1.0,-1.0,0.0,0.0
998.0,237.0,1031.0,288.0,1014.0,262.0,-1.0,-1.0,0.0,0.0
998.0,237.0,1031.0,288.0,1014.0,262.0,1.89,3.02,0.0,0.0
1005.0,230.0,1017.0,267.0,1011.0,248.0,-1.0,-1.0,0.0,0.0
985.0,240.0,1008.0,274.0,996.0,257.0,-1.0,-1.0,0.0,0.0
1007.0,277.0,1007.0,277.0,1007.0,277.0,2.12,2.12,0.0,0.0
988.0,256.0,1012.0,280.0,1000.0,268.0,-1.0,-1.0,0.0,0.0
1001.0,251.0,1021.0,281.0,1011.0,266.0,-1.0,-1.0,0.0,0.0
1026.0,279.0,1026.0,279.0,1026.0,279.0,2.05,2.05,0.0,0.0
1025.0,237.0,1065.0,300.0,1045.0,268.0,-1.0,-1.0,0.0,0.0
1096.0,218.0,1119.0,289.0,1107.0,253.0,-1.0,-1.0,0.0,0.0
1096.0,218.0,1128.0,284.0,1112.0,251.0,3.53,2.04,0.0,0.0
1121.0,220.0,1145.0,266.0,1133.0,243.0,-1.0,-1.0,0.0,0.0
1126.0,223.0,1140.0,277.0,1133.0,250.0,-1.0,-1.0,0.0,0.0
1126.0,223.0,1126.0,223.0,1126.0,223.0,3.08,3.08,0.0,0.0
1132.0,226.0,1133.0,282.0,1132.0,254.0,-1.0,-1.0,0.0,0.0
1130.0,239.0,1138.0,266.0,1134.0,252.0,-1.0,-1.0,0.0,0.0
-1.0,-1.0,-1.0,-1.0,-1.0,-1.0,-1.0,-1.0,-1.0,-1.0
1123.0,239.0,1147.0,268.0,1135.0,253.0,-1.0,-1.0,0.0,0.0
1122.0,219.0,1144.0,279.0,1133.0,249.0,-1.0,-1.0,0.0,0.0
1122.0,219.0,1122.0,219.0,1122.0,219.0,3.78,3.78,0.0,0.0
1121.0,223.0,1139.0,283.0,1130.0,253.0,-1.0,-1.0,0.0,0.0
1125.0,241.0,1145.0,299.0,1135.0,270.0,-1.0,-1.0,0.0,0.0
-1.0,-1.0,-1.0,-1.0,-1.0,-1.0,-1.0,-1.0,-1.0,-1.0
1119.0,234.0,1141.0,303.0,1130.0,268.0,-1.0,-1.0,0.0,0.0
1114.0,228.0,1127.0,290.0,1120.0,259.0,-1.0,-1.0,0.0,0.0
-1.0,-1.0,-1.0,-1.0,-1.0,-1.0,-1.0,-1.0,-1.0,-1.0
1128.0,248.0,1132.0,293.0,1130.0,270.0,-1.0,-1.0,0.0,0.0
1116.0,238.0,1133.0,299.0,1124.0,268.0,-1.0,-1.0,0.0,0.0
-1.0,-1.0,-1.0,-1.0,-1.0,-1.0,-1.0,-1.0,-1.0,-1.0
1108.0,240.0,1139.0,302.0,1123.0,271.0,-1.0,-1.0,0.0,0.0
1118.0,259.0,1142.0,310.0,1130.0,284.0,-1.0,-1.0,0.0,0.0
1119.0,258.0,1119.0,258.0,1119.0,258.0,2.69,2.69,0.0,0.0
1128.0,237.0,1130.0,310.0,1129.0,273.0,-1.0,-1.0,0.0,0.0
1121.0,242.0,1125.0,301.0,1123.0,271.0,-1.0,-1.0,0.0,0.0
1125.0,301.0,1125.0,301.0,1125.0,301.0,3.1,3.1,0.0,0.0
1102.0,238.0,1121.0,286.0,1111.0,262.0,-1.0,-1.0,0.0,0.0
1113.0,244.0,1126.0,289.0,1119.0,266.0,-1.0,-1.0,0.0,0.0
1128.0,293.0,1128.0,293.0,1128.0,293.0,2.0,2.0,0.0,0.0
1132.0,262.0,1127.0,299.0,1129.0,280.0,-1.0,-1.0,0.0,0.0
1130.0,257.0,1125.0,300.0,1127.0,278.0,-1.0,-1.0,0.0,0.0
1129.0,257.0,1128.0,301.0,1128.0,279.0,2.19,2.04,0.0,0.0
1136.0,268.0,1127.0,297.0,1131.0,282.0,-1.0,-1.0,0.0,0.0
1130.0,265.0,1125.0,290.0,1127.0,277.0,-1.0,-1.0,0.0,0.0
1131.0,265.0,1128.0,287.0,1129.0,276.0,2.91,2.15,0.0,0.0
1128.0,257.0,1127.0,288.0,1127.0,272.0,-1.0,-1.0,0.0,0.0
1126.0,243.0,1126.0,295.0,1126.0,269.0,-1.0,-1.0,0.0,0.0
1126.0,242.0,1126.0,297.0,1126.0,269.0,3.64,1.99,0.0,0.0
1119.0,235.0,1116.0,295.0,1117.0,265.0,-1.0,-1.0,0.0,0.0
1130.0,233.0,1118.0,298.0,1124.0,265.0,-1.0,-1.0,0.0,0.0
1130.0,233.0,1118.0,298.0,1124.0,265.0,3.34,1.92,0.0,0.0
1161.0,214.0,1164.0,296.0,1162.0,255.0,-1.0,-1.0,0.0,0.0
-1.0,-1.0,-1.0,-1.0,-1.0,-1.0,-1.0,-1.0,-1.0,-1.0
-1.0,-1.0,-1.0,-1.0,-1.0,-1.0,-1.0,-1.0,-1.0,-1.0
1178.0,233.0,1170.0,280.0,1174.0,256.0,-1.0,-1.0,0.0,0.0
1228.0,247.0,1220.0,278.0,1224.0,262.0,-1.0,-1.0,0.0,0.0
1230.0,278.0,1230.0,278.0,1230.0,278.0,1.98,1.98,0.0,0.0
1218.0,233.0,1225.0,288.0,1221.0,260.0,-1.0,-1.0,0.0,0.0
1211.0,227.0,1222.0,288.0,1216.0,257.0,-1.0,-1.0,0.0,0.0
1223.0,301.0,1223.0,301.0,1223.0,301.0,2.06,2.06,0.0,0.0
1213.0,240.0,1228.0,296.0,1220.0,268.0,-1.0,-1.0,0.0,0.0
1222.0,244.0,1233.0,286.0,1227.0,265.0,-1.0,-1.0,0.0,0.0
-1.0,-1.0,-1.0,-1.0,-1.0,-1.0,-1.0,-1.0,-1.0,-1.0
1230.0,232.0,1227.0,279.0,1228.0,255.0,-1.0,-1.0,0.0,0.0
1215.0,253.0,1222.0,279.0,1218.0,266.0,-1.0,-1.0,0.0,0.0
1215.0,253.0,1215.0,253.0,1215.0,253.0,2.88,2.88,0.0,0.0
1203.0,267.0,1219.0,289.0,1211.0,278.0,-1.0,-1.0,0.0,0.0
1216.0,259.0,1204.0,297.0,1210.0,278.0,-1.0,-1.0,0.0,0.0
-1.0,-1.0,-1.0,-1.0,-1.0,-1.0,-1.0,-1.0,-1.0,-1.0
1233.0,255.0,1220.0,280.0,1226.0,267.0,-1.0,-1.0,0.0,0.0
1230.0,249.0,1225.0,294.0,1227.0,271.0,-1.0,-1.0,0.0,0.0
1246.0,262.0,1246.0,262.0,1246.0,262.0,1.92,1.92,0.0,0.0
1223.0,242.0,1237.0,265.0,1230.0,253.0,-1.0,-1.0,0.0,0.0
-1.0,-1.0,-1.0,-1.0,-1.0,-1.0,-1.0,-1.0,-1.0,-1.0
1221.0,293.0,1221.0,293.0,1221.0,293.0,2.0,2.0,0.0,0.0
1217.0,246.0,1222.0,290.0,1219.0,268.0,-1.0,-1.0,0.0,0.0
1216.0,240.0,1226.0,285.0,1221.0,262.0,-1.0,-1.0,0.0,0.0
1227.0,285.0,1227.0,285.0,1227.0,285.0,2.01,2.01,0.0,0.0
1225.0,233.0,1226.0,283.0,1225.0,258.0,-1.0,-1.0,0.0,0.0
1217.0,234.0,1219.0,275.0,1218.0,254.0,-1.0,-1.0,0.0,0.0
1206.0,280.0,1206.0,280.0,1206.0,280.0,2.09,2.09,0.0,0.0
1178.0,244.0,1184.0,274.0,1181.0,259.0,-1.0,-1.0,0.0,0.0
-1.0,-1.0,-1.0,-1.0,-1.0,-1.0,-1.0,-1.0,-1.0,-1.0
-1.0,-1.0,-1.0,-1.0,-1.0,-1.0,-1.0,-1.0,-1.0,-1.0
1182.0,240.0,1156.0,305.0,1169.0,272.0,-1.0,-1.0,0.0,0.0
1171.0,234.0,1163.0,297.0,1167.0,265.0,-1.0,-1.0,0.0,0.0
-1.0,-1.0,-1.0,-1.0,-1.0,-1.0,-1.0,-1.0,-1.0,-1.0
1176.0,250.0,1173.0,287.0,1174.0,268.0,-1.0,-1.0,0.0,0.0
1160.0,265.0,1173.0,284.0,1166.0,274.0,-1.0,-1.0,0.0,0.0
-1.0,-1.0,-1.0,-1.0,-1.0,-1.0,-1.0,-1.0,-1.0,-1.0
1152.0,253.0,1171.0,275.0,1161.0,264.0,-1.0,-1.0,0.0,0.0
1158.0,242.0,1169.0,274.0,1163.0,258.0,-1.0,-1.0,0.0,0.0
1169.0,274.0,1169.0,274.0,1169.0,274.0,1.76,1.76,0.0,0.0
1163.0,261.0,1164.0,279.0,1163.0,270.0,-1.0,-1.0,0.0,0.0
1156.0,280.0,1168.0,279.0,1162.0,279.0,-1.0,-1.0,0.0,0.0
-1.0,-1.0,-1.0,-1.0,-1.0,-1.0,-1.0,-1.0,-1.0,-1.0
1163.0,262.0,1173.0,267.0,1168.0,264.0,-1.0,-1.0,0.0,0.0
1162.0,264.0,1169.0,252.0,1165.0,258.0,-1.0,-1.0,0.0,0.0
-1.0,-1.0,-1.0,-1.0,-1.0,-1.0,-1.0,-1.0,-1.0,-1.0
1136.0,263.0,1157.0,279.0,1146.0,271.0,-1.0,-1.0,0.0,0.0
1136.0,246.0,1153.0,262.0,1144.0,254.0,-1.0,-1.0,0.0,0.0
1155.0,256.0,1155.0,256.0,1155.0,256.0,2.05,2.05,0.0,0.0
1166.0,248.0,1159.0,265.0,1162.0,256.0,-1.0,-1.0,0.0,0.0
1177.0,237.0,1174.0,264.0,1175.0,250.0,-1.0,-1.0,0.0,0.0
1178.0,266.0,1178.0,266.0,1178.0,266.0,2.15,2.15,0.0,0.0
1149.0,238.0,1168.0,291.0,1158.0,264.0,-1.0,-1.0,0.0,0.0
1142.0,249.0,1172.0,299.0,1157.0,274.0,-1.0,-1.0,0.0,0.0
1142.0,249.0,1142.0,249.0,1142.0,249.0,2.84,2.84,0.0,0.0
1157.0,271.0,1169.0,297.0,1163.0,284.0,-1.0,-1.0,0.0,0.0
1173.0,259.0,1181.0,284.0,1177.0,271.0,-1.0,-1.0,0.0,0.0
-1.0,-1.0,-1.0,-1.0,-1.0,-1.0,-1.0,-1.0,-1.0,-1.0
1160.0,225.0,1186.0,282.0,1173.0,253.0,-1.0,-1.0,0.0,0.0
1153.0,217.0,1182.0,275.0,1167.0,246.0,-1.0,-1.0,0.0,0.0
1179.0,278.0,1179.0,278.0,1179.0,278.0,2.04,2.04,0.0,0.0
1160.0,216.0,1169.0,269.0,1164.0,242.0,-1.0,-1.0,0.0,0.0
1157.0,240.0,1168.0,271.0,1162.0,255.0,-1.0,-1.0,0.0,0.0
-1.0,-1.0,-1.0,-1.0,-1.0,-1.0,-1.0,-1.0,-1.0,-1.0
1166.0,238.0,1169.0,270.0,1167.0,254.0,-1.0,-1.0,0.0,0.0
1174.0,217.0,1168.0,267.0,1171.0,242.0,-1.0,-1.0,0.0,0.0
-1.0,-1.0,-1.0,-1.0,-1.0,-1.0,-1.0,-1.0,-1.0,-1.0
1164.0,229.0,1172.0,260.0,1168.0,244.0,-1.0,-1.0,0.0,0.0
1162.0,226.0,1173.0,270.0,1167.0,248.0,-1.0,-1.0,0.0,0.0
1174.0,269.0,1174.0,269.0,1174.0,269.0,1.93,1.93,0.0,0.0
1162.0,225.0,1178.0,276.0,1170.0,250.0,-1.0,-1.0,0.0,0.0
1156.0,242.0,1177.0,273.0,1166.0,257.0,-1.0,-1.0,0.0,0.0
1180.0,268.0,1180.0,268.0,1180.0,268.0,2.06,2.06,0.0,0.0
1167.0,227.0,1185.0,272.0,1176.0,249.0,-1.0,-1.0,0.0,0.0
-1.0,-1.0,-1.0,-1.0,-1.0,-1.0,-1.0,-1.0,-1.0,-1.0
1204.0,277.0,1204.0,277.0,1204.0,277.0,2.17,2.17,0.0,0.0
1205.0,241.0,1249.0,272.0,1227.0,256.0,-1.0,-1.0,0.0,0.0
1286.0,256.0,1302.0,273.0,1294.0,264.0,-1.0,-1.0,0.0,0.0
1287.0,255.0,1287.0,255.0,1287.0,255.0,3.23,3.23,0.0,0.0
1292.0,266.0,1314.0,246.0,1303.0,256.0,-1.0,-1.0,0.0,0.0
1295.0,237.0,1309.0,250.0,1302.0,243.0,-1.0,-1.0,0.0,0.0
1295.0,237.0,1307.0,252.0,1301.0,244.0,3.62,2.02,0.0,0.0
1282.0,236.0,1302.0,259.0,1292.0,247.0,-1.0,-1.0,0.0,0.0
1274.0,251.0,1301.0,262.0,1287.0,256.0,-1.0,-1.0,0.0,0.0
1274.0,251.0,1274.0,251.0,1274.0,251.0,3.46,3.46,0.0,0.0
1279.0,251.0,1303.0,251.0,1291.0,251.0,-1.0,-1.0,0.0,0.0
1289.0,249.0,1304.0,251.0,1296.0,250.0,-1.0,-1.0,0.0,0.0
1297.0,258.0,1297.0,258.0,1297.0,258.0,2.18,2.18,0.0,0.0
1280.0,244.0,1286.0,276.0,1283.0,260.0,-1.0,-1.0,0.0,0.0
1268.0,241.0,1286.0,276.0,1277.0,258.0,-1.0,-1.0,0.0,0.0
-1.0,-1.0,-1.0,-1.0,-1.0,-1.0,-1.0,-1.0,-1.0,-1.0
1270.0,244.0,1308.0,286.0,1289.0,265.0,-1.0,-1.0,0.0,0.0
1276.0,246.0,1311.0,283.0,1293.0,264.0,-1.0,-1.0,0.0,0.0
-1.0,-1.0,-1.0,-1.0,-1.0,-1.0,-1.0,-1.0,-1.0,-1.0
1272.0,234.0,1320.0,280.0,1296.0,257.0,-1.0,-1.0,0.0,0.0
1268.0,239.0,1316.0,286.0,1292.0,262.0,-1.0,-1.0,0.0,0.0
1268.0,240.0,1268.0,240.0,1268.0,240.0,2.99,2.99,0.0,0.0
1280.0,236.0,1289.0,282.0,1284.0,259.0,-1.0,-1.0,0.0,0.0
1286.0,228.0,1289.0,282.0,1287.0,255.0,-1.0,-1.0,0.0,0.0
1309.0,280.0,1309.0,280.0,1309.0,280.0,2.03,2.03,0.0,0.0
1283.0,247.0,1305.0,276.0,1294.0,261.0,-1.0,-1.0,0.0,0.0
1274.0,251.0,1306.0,284.0,1290.0,267.0,-1.0,-1.0,0.0,0.0
1290.0,289.0,1290.0,289.0,1290.0,289.0,2.1,2.1,0.0,0.0
1267.0,231.0,1324.0,281.0,1295.0,256.0,-1.0,-1.0,0.0,0.0
1267.0,244.0,1311.0,282.0,1289.0,263.0,-1.0,-1.0,0.0,0.0
1267.0,246.0,1267.0,246.0,1267.0,246.0,2.94,2.94,0.0,0.0
1261.0,252.0,1307.0,277.0,1284.0,264.0,-1.0,-1.0,0.0,0.0
1262.0,230.0,1300.0,279.0,1281.0,254.0,-1.0,-1.0,0.0,0.0
-1.0,-1.0,-1.0,-1.0,-1.0,-1.0,-1.0,-1.0,-1.0,-1.0
1269.0,238.0,1299.0,279.0,1284.0,258.0,-1.0,-1.0,0.0,0.0
1273.0,256.0,1296.0,271.0,1284.0,263.0,-1.0,-1.0,0.0,0.0
-1.0,-1.0,-1.0,-1.0,-1.0,-1.0,-1.0,-1.0,-1.0,-1.0
1289.0,240.0,1320.0,276.0,1304.0,258.0,-1.0,-1.0,0.0,0.0
1321.0,216.0,1378.0,274.0,1349.0,245.0,-1.0,-1.0,0.0,0.0
-1.0,-1.0,-1.0,-1.0,-1.0,-1.0,-1.0,-1.0,-1.0,-1.0
1340.0,231.0,1380.0,270.0,1360.0,250.0,-1.0,-1.0,0.0,0.0
1348.0,232.0,1367.0,274.0,1357.0,253.0,-1.0,-1.0,0.0,0.0
-1.0,-1.0,-1.0,-1.0,-1.0,-1.0,-1.0,-1.0,-1.0,-1.0
1357.0,232.0,1366.0,293.0,1361.0,262.0,-1.0,-1.0,0.0,0.0
1331.0,242.0,1382.0,297.0,1356.0,269.0,-1.0,-1.0,0.0,0.0
-1.0,-1.0,-1.0,-1.0,-1.0,-1.0,-1.0,-1.0,-1.0,-1.0
1330.0,259.0,1386.0,269.0,1358.0,264.0,-1.0,-1.0,0.0,0.0
1359.0,263.0,1390.0,262.0,1374.0,262.0,-1.0,-1.0,0.0,0.0
-1.0,-1.0,-1.0,-1.0,-1.0,-1.0,-1.0,-1.0,-1.0,-1.0
1349.0,247.0,1392.0,272.0,1370.0,259.0,-1.0,-1.0,0.0,0.0
1354.0,258.0,1391.0,268.0,1372.0,263.0,-1.0,-1.0,0.0,0.0
-1.0,-1.0,-1.0,-1.0,-1.0,-1.0,-1.0,-1.0,-1.0,-1.0
1353.0,257.0,1379.0,273.0,1366.0,265.0,-1.0,-1.0,0.0,0.0
1353.0,251.0,1374.0,278.0,1363.0,264.0,-1.0,-1.0,0.0,0.0
-1.0,-1.0,-1.0,-1.0,-1.0,-1.0,-1.0,-1.0,-1.0,-1.0
1357.0,262.0,1384.0,277.0,1370.0,269.0,-1.0,-1.0,0.0,0.0
1350.0,266.0,1382.0,286.0,1366.0,276.0,-1.0,-1.0,0.0,0.0
1350.0,266.0,1350.0,266.0,1350.0,266.0,2.66,2.66,0.0,0.0
1334.0,275.0,1383.0,285.0,1358.0,280.0,-1.0,-1.0,0.0,0.0
1329.0,280.0,1374.0,288.0,1351.0,284.0,-1.0,-1.0,0.0,0.0
-1.0,-1.0,-1.0,-1.0,-1.0,-1.0,-1.0,-1.0,-1.0,-1.0
1340.0,267.0,1371.0,292.0,1355.0,279.0,-1.0,-1.0,0.0,0.0
1357.0,257.0,1379.0,291.0,1368.0,274.0,-1.0,-1.0,0.0,0.0
-1.0,-1.0,-1.0,-1.0,-1.0,-1.0,-1.0,-1.0,-1.0,-1.0
1371.0,250.0,1378.0,281.0,1374.0,265.0,-1.0,-1.0,0.0,0.0
1347.0,264.0,1364.0,281.0,1355.0,272.0,-1.0,-1.0,0.0,0.0
-1.0,-1.0,-1.0,-1.0,-1.0,-1.0,-1.0,-1.0,-1.0,-1.0
1337.0,265.0,1359.0,296.0,1348.0,280.0,-1.0,-1.0,0.0,0.0
1341.0,241.0,1366.0,298.0,1353.0,269.0,-1.0,-1.0,0.0,0.0
1381.0,302.0,1381.0,302.0,1381.0,302.0,2.01,2.01,0.0,0.0
1336.0,246.0,1378.0,299.0,1357.0,272.0,-1.0,-1.0,0.0,0.0
1337.0,262.0,1376.0,302.0,1356.0,282.0,-1.0,-1.0,0.0,0.0
-1.0,-1.0,-1.0,-1.0,-1.0,-1.0,-1.0,-1.0,-1.0,-1.0
1338.0,257.0,1379.0,309.0,1358.0,283.0,-1.0,-1.0,0.0,0.0
1349.0,249.0,1371.0,304.0,1360.0,276.0,-1.0,-1.0,0.0,0.0
1349.0,249.0,1359.0,295.0,1354.0,272.0,3.02,2.07,0.0,0.0
1356.0,256.0,1368.0,293.0,1362.0,274.0,-1.0,-1.0,0.0,0.0
1351.0,256.0,1378.0,304.0,1364.0,280.0,-1.0,-1.0,0.0,0.0
1378.0,304.0,1378.0,304.0,1378.0,304.0,2.05,2.05,0.0,0.0
1404.0,287.0,1404.0,287.0,1404.0,287.0,-1.0,-1.0,0.0,0.0
1395.0,256.0,1416.0,279.0,1405.0,267.0,-1.0,-1.0,0.0,0.0
1444.0,275.0,1444.0,275.0,1444.0,275.0,2.01,2.01,0.0,0.0
1449.0,260.0,1458.0,283.0,1453.0,271.0,-1.0,-1.0,0.0,0.0
1448.0,264.0,1464.0,281.0,1456.0,272.0,-1.0,-1.0,0.0,0.0
1451.0,297.0,1451.0,297.0,1451.0,297.0,2.09,2.09,0.0,0.0
1455.0,262.0,1446.0,303.0,1450.0,282.0,-1.0,-1.0,0.0,0.0
1461.0,259.0,1461.0,259.0,1461.0,259.0,-1.0,-1.0,0.0,0.0
-1.0,-1.0,-1.0,-1.0,-1.0,-1.0,-1.0,-1.0,-1.0,-1.0
1451.0,251.0,1439.0,299.0,1445.0,275.0,-1.0,-1.0,0.0,0.0
1451.0,247.0,1451.0,247.0,1451.0,247.0,-1.0,-1.0,0.0,0.0
-1.0,-1.0,-1.0,-1.0,-1.0,-1.0,-1.0,-1.0,-1.0,-1.0
1442.0,255.0,1465.0,278.0,1453.0,266.0,-1.0,-1.0,0.0,0.0
1447.0,260.0,1447.0,260.0,1447.0,260.0,-1.0,-1.0,0.0,0.0
1479.0,274.0,1479.0,274.0,1479.0,274.0,1.97,1.97,0.0,0.0
1457.0,258.0,1486.0,278.0,1471.0,268.0,-1.0,-1.0,0.0,0.0
1451.0,258.0,1451.0,258.0,1451.0,258.0,-1.0,-1.0,0.0,0.0
-1.0,-1.0,-1.0,-1.0,-1.0,-1.0,-1.0,-1.0,-1.0,-1.0
1435.0,258.0,1479.0,290.0,1457.0,274.0,-1.0,-1.0,0.0,0.0
1440.0,259.0,1440.0,259.0,1440.0,259.0,-1.0,-1.0,0.0,0.0
-1.0,-1.0,-1.0,-1.0,-1.0,-1.0,-1.0,-1.0,-1.0,-1.0
1454.0,253.0,1448.0,297.0,1451.0,275.0,-1.0,-1.0,0.0,0.0
1461.0,245.0,1461.0,245.0,1461.0,245.0,-1.0,-1.0,0.0,0.0
-1.0,-1.0,-1.0,-1.0,-1.0,-1.0,-1.0,-1.0,-1.0,-1.0
1457.0,258.0,1456.0,265.0,1456.0,261.0,-1.0,-1.0,0.0,0.0
1447.0,249.0,1458.0,264.0,1452.0,256.0,-1.0,-1.0,0.0,0.0
-1.0,-1.0,-1.0,-1.0,-1.0,-1.0,-1.0,-1.0,-1.0,-1.0
1463.0,235.0,1472.0,257.0,1467.0,246.0,-1.0,-1.0,0.0,0.0
1477.0,240.0,1473.0,256.0,1475.0,248.0,-1.0,-1.0,0.0,0.0
-1.0,-1.0,-1.0,-1.0,-1.0,-1.0,-1.0,-1.0,-1.0,-1.0
1461.0,236.0,1476.0,261.0,1468.0,248.0,-1.0,-1.0,0.0,0.0
1455.0,243.0,1477.0,259.0,1466.0,251.0,-1.0,-1.0,0.0,0.0
-1.0,-1.0,-1.0,-1.0,-1.0,-1.0,-1.0,-1.0,-1.0,-1.0
1456.0,256.0,1475.0,261.0,1465.0,258.0,-1.0,-1.0,0.0,0.0
1457.0,252.0,1475.0,264.0,1466.0,258.0,-1.0,-1.0,0.0,0.0
-1.0,-1.0,-1.0,-1.0,-1.0,-1.0,-1.0,-1.0,-1.0,-1.0
1452.0,258.0,1473.0,265.0,1462.0,261.0,-1.0,-1.0,0.0,0.0
1449.0,259.0,1483.0,275.0,1466.0,267.0,-1.0,-1.0,0.0,0.0
-1.0,-1.0,-1.0,-1.0,-1.0,-1.0,-1.0,-1.0,-1.0,-1.0
1451.0,247.0,1490.0,274.0,1470.0,260.0,-1.0,-1.0,0.0,0.0
1453.0,255.0,1458.0,278.0,1455.0,266.0,-1.0,-1.0,0.0,0.0
-1.0,-1.0,-1.0,-1.0,-1.0,-1.0,-1.0,-1.0,-1.0,-1.0
1451.0,264.0,1460.0,289.0,1455.0,276.0,-1.0,-1.0,0.0,0.0
1442.0,259.0,1475.0,301.0,1458.0,280.0,-1.0,-1.0,0.0,0.0
-1.0,-1.0,-1.0,-1.0,-1.0,-1.0,-1.0,-1.0,-1.0,-1.0
1446.0,255.0,1495.0,288.0,1470.0,271.0,-1.0,-1.0,0.0,0.0
1488.0,252.0,1507.0,291.0,1497.0,271.0,-1.0,-1.0,0.0,0.0
-1.0,-1.0,-1.0,-1.0,-1.0,-1.0,-1.0,-1.0,-1.0,-1.0
1510.0,244.0,1565.0,239.0,1537.0,241.0,-1.0,-1.0,0.0,0.0
1530.0,235.0,1581.0,229.0,1555.0,232.0,-1.0,-1.0,0.0,0.0
-1.0,-1.0,-1.0,-1.0,-1.0,-1.0,-1.0,-1.0,-1.0,-1.0
1554.0,249.0,1596.0,264.0,1575.0,256.0,-1.0,-1.0,0.0,0.0
1558.0,243.0,1580.0,267.0,1569.0,255.0,-1.0,-1.0,0.0,0.0
-1.0,-1.0,-1.0,-1.0,-1.0,-1.0,-1.0,-1.0,-1.0,-1.0
1556.0,223.0,1586.0,233.0,1571.0,228.0,-1.0,-1.0,0.0,0.0
1544.0,222.0,1603.0,237.0,1573.0,229.0,-1.0,-1.0,0.0,0.0
-1.0,-1.0,-1.0,-1.0,-1.0,-1.0,-1.0,-1.0,-1.0,-1.0
1513.0,207.0,1594.0,250.0,1553.0,228.0,-1.0,-1.0,0.0,0.0
1506.0,215.0,1581.0,263.0,1543.0,239.0,-1.0,-1.0,0.0,0.0
-1.0,-1.0,-1.0,-1.0,-1.0,-1.0,-1.0,-1.0,-1.0,-1.0
1525.0,236.0,1580.0,260.0,1552.0,248.0,-1.0,-1.0,0.0,0.0
1531.0,218.0,1583.0,256.0,1557.0,237.0,-1.0,-1.0,0.0,0.0
-1.0,-1.0,-1.0,-1.0,-1.0,-1.0,-1.0,-1.0,-1.0,-1.0
1531.0,223.0,1585.0,240.0,1558.0,231.0,-1.0,-1.0,0.0,0.0
1532.0,245.0,1573.0,234.0,1552.0,239.0,-1.0,-1.0,0.0,0.0
-1.0,-1.0,-1.0,-1.0,-1.0,-1.0,-1.0,-1.0,-1.0,-1.0
1516.0,256.0,1561.0,253.0,1538.0,254.0,-1.0,-1.0,0.0,0.0
1508.0,259.0,1568.0,259.0,1538.0,259.0,-1.0,-1.0,0.0,0.0
-1.0,-1.0,-1.0,-1.0,-1.0,-1.0,-1.0,-1.0,-1.0,-1.0
1528.0,248.0,1580.0,268.0,1554.0,258.0,-1.0,-1.0,0.0,0.0
1523.0,250.0,1580.0,275.0,1551.0,262.0,-1.0,-1.0,0.0,0.0
-1.0,-1.0,-1.0,-1.0,-1.0,-1.0,-1.0,-1.0,-1.0,-1.0
1508.0,233.0,1586.0,260.0,1547.0,246.0,-1.0,-1.0,0.0,0.0
1523.0,234.0,1577.0,251.0,1550.0,242.0,-1.0,-1.0,0.0,0.0
1523.0,234.0,1523.0,234.0,1523.0,234.0,3.55,3.55,0.0,0.0
1522.0,260.0,1578.0,252.0,1550.0,256.0,-1.0,-1.0,0.0,0.0
1493.0,259.0,1562.0,265.0,1527.0,262.0,-1.0,-1.0,0.0,0.0
-1.0,-1.0,-1.0,-1.0,-1.0,-1.0,-1.0,-1.0,-1.0,-1.0
1504.0,263.0,1563.0,284.0,1533.0,273.0,-1.0,-1.0,0.0,0.0
1542.0,273.0,1585.0,267.0,1563.0,270.0,-1.0,-1.0,0.0,0.0
-1.0,-1.0,-1.0,-1.0,-1.0,-1.0,-1.0,-1.0,-1.0,-1.0
1538.0,284.0,1574.0,256.0,1556.0,270.0,-1.0,-1.0,0.0,0.0
1501.0,272.0,1564.0,269.0,1532.0,270.0,-1.0,-1.0,0.0,0.0
-1.0,-1.0,-1.0,-1.0,-1.0,-1.0,-1.0,-1.0,-1.0,-1.0
1511.0,261.0,1572.0,265.0,1541.0,263.0,-1.0,-1.0,0.0,0.0
1528.0,263.0,1564.0,271.0,1546.0,267.0,-1.0,-1.0,0.0,0.0
-1.0,-1.0,-1.0,-1.0,-1.0,-1.0,-1.0,-1.0,-1.0,-1.0
1513.0,255.0,1569.0,269.0,1541.0,262.0,-1.0,-1.0,0.0,0.0
1505.0,256.0,1565.0,267.0,1535.0,261.0,-1.0,-1.0,0.0,0.0
-1.0,-1.0,-1.0,-1.0,-1.0,-1.0,-1.0,-1.0,-1.0,-1.0
1532.0,254.0,1568.0,273.0,1550.0,263.0,-1.0,-1.0,0.0,0.0
1512.0,250.0,1577.0,275.0,1544.0,262.0,-1.0,-1.0,0.0,0.0
-1.0,-1.0,-1.0,-1.0,-1.0,-1.0,-1.0,-1.0,-1.0,-1.0
1488.0,255.0,1564.0,284.0,1526.0,269.0,-1.0,-1.0,0.0,0.0
1502.0,232.0,1565.0,284.0,1533.0,258.0,-1.0,-1.0,0.0,0.0
-1.0,-1.0,-1.0,-1.0,-1.0,-1.0,-1.0,-1.0,-1.0,-1.0
1443.0,244.0,1526.0,263.0,1484.0,253.0,-1.0,-1.0,0.0,0.0
1234.0,276.0,1344.0,312.0,1289.0,294.0,-1.0,-1.0,0.0,0.0
-1.0,-1.0,-1.0,-1.0,-1.0,-1.0,-1.0,-1.0,-1.0,-1.0
1032.0,260.0,1132.0,339.0,1082.0,299.0,-1.0,-1.0,0.0,0.0
-1.0,-1.0,-1.0,-1.0,-1.0,-1.0,-1.0,-1.0,-1.0,-1.0
985.0,472.0,985.0,472.0,985.0,472.0,2.73,2.73,0.0,0.0
978.0,280.0,942.0,483.0,960.0,381.0,-1.0,-1.0,0.0,0.0
520.0,354.0,600.0,415.0,560.0,384.0,-1.0,-1.0,0.0,0.0
-1.0,-1.0,-1.0,-1.0,-1.0,-1.0,-1.0,-1.0,-1.0,-1.0
463.0,351.0,524.0,431.0,493.0,391.0,-1.0,-1.0,0.0,0.0
427.0,311.0,489.0,430.0,458.0,370.0,-1.0,-1.0,0.0,0.0
490.0,430.0,490.0,430.0,490.0,430.0,2.62,2.62,0.0,0.0
436.0,306.0,478.0,422.0,457.0,364.0,-1.0,-1.0,0.0,0.0
-1.0,-1.0,-1.0,-1.0,-1.0,-1.0,-1.0,-1.0,-1.0,-1.0
470.0,446.0,470.0,446.0,470.0,446.0,2.1,2.1,0.0,0.0
414.0,299.0,468.0,418.0,441.0,358.0,-1.0,-1.0,0.0,0.0
422.0,319.0,467.0,413.0,444.0,366.0,-1.0,-1.0,0.0,0.0
-1.0,-1.0,-1.0,-1.0,-1.0,-1.0,-1.0,-1.0,-1.0,-1.0
419.0,323.0,470.0,448.0,444.0,385.0,-1.0,-1.0,0.0,0.0
431.0,329.0,463.0,455.0,447.0,392.0,-1.0,-1.0,0.0,0.0
453.0,427.0,453.0,427.0,453.0,427.0,1.98,1.98,0.0,0.0
441.0,337.0,451.0,427.0,446.0,382.0,-1.0,-1.0,0.0,0.0
433.0,317.0,455.0,413.0,444.0,365.0,-1.0,-1.0,0.0,0.0
440.0,413.0,440.0,413.0,440.0,413.0,1.97,1.97,0.0,0.0
333.0,290.0,398.0,399.0,365.0,344.0,-1.0,-1.0,0.0,0.0
221.0,279.0,347.0,395.0,284.0,337.0,-1.0,-1.0,0.0,0.0
-1.0,-1.0,-1.0,-1.0,-1.0,-1.0,-1.0,-1.0,-1.0,-1.0
249.0,357.0,249.0,357.0,249.0,357.0,-1.0,-1.0,0.0,0.0
206.0,265.0,227.0,334.0,216.0,299.0,-1.0,-1.0,0.0,0.0
227.0,334.0,227.0,334.0,227.0,334.0,2.08,2.08,0.0,0.0
240.0,366.0,240.0,366.0,240.0,366.0,-1.0,-1.0,0.0,0.0
206.0,302.0,235.0,361.0,220.0,331.0,-1.0,-1.0,0.0,0.0
-1.0,-1.0,-1.0,-1.0,-1.0,-1.0,-1.0,-1.0,-1.0,-1.0
206.0,302.0,224.0,364.0,215.0,333.0,-1.0,-1.0,0.0,0.0
184.0,324.0,221.0,377.0,202.0,350.0,-1.0,-1.0,0.0,0.0
221.0,383.0,221.0,383.0,221.0,383.0,2.14,2.14,0.0,0.0
213.0,347.0,213.0,347.0,213.0,347.0,-1.0,-1.0,0.0,0.0
193.0,296.0,222.0,356.0,207.0,326.0,-1.0,-1.0,0.0,0.0
-1.0,-1.0,-1.0,-1.0,-1.0,-1.0,-1.0,-1.0,-1.0,-1.0
219.0,372.0,219.0,372.0,219.0,372.0,-1.0,-1.0,0.0,0.0
179.0,257.0,231.0,382.0,205.0,319.0,-1.0,-1.0,0.0,0.0
212.0,359.0,212.0,359.0,212.0,359.0,1.94,1.94,0.0,0.0
208.0,343.0,208.0,343.0,208.0,343.0,-1.0,-1.0,0.0,0.0
166.0,285.0,191.0,331.0,178.0,308.0,-1.0,-1.0,0.0,0.0
196.0,316.0,196.0,316.0,196.0,316.0,2.2,2.2,0.0,0.0
164.0,291.0,195.0,354.0,179.0,322.0,-1.0,-1.0,0.0,0.0
143.0,310.0,148.0,347.0,145.0,328.0,-1.0,-1.0,0.0,0.0
147.0,348.0,147.0,348.0,147.0,348.0,1.97,1.97,0.0,0.0
139.0,307.0,143.0,349.0,141.0,328.0,-1.0,-1.0,0.0,0.0
121.0,285.0,146.0,342.0,133.0,313.0,-1.0,-1.0,0.0,0.0
144.0,340.0,144.0,340.0,144.0,340.0,2.04,2.04,0.0,0.0
123.0,285.0,140.0,339.0,131.0,312.0,-1.0,-1.0,0.0,0.0
132.0,314.0,140.0,332.0,136.0,323.0,-1.0,-1.0,0.0,0.0
134.0,334.0,134.0,334.0,134.0,334.0,1.96,1.96,0.0,0.0
132.0,314.0,137.0,337.0,134.0,325.0,-1.0,-1.0,0.0,0.0
152.0,307.0,139.0,359.0,145.0,333.0,-1.0,-1.0,0.0,0.0
153.0,365.0,153.0,365.0,153.0,365.0,1.97,1.97,0.0,0.0
151.0,307.0,154.0,371.0,152.0,339.0,-1.0,-1.0,0.0,0.0
145.0,322.0,151.0,366.0,148.0,344.0,-1.0,-1.0,0.0,0.0
135.0,333.0,135.0,333.0,135.0,333.0,1.98,1.98,0.0,0.0
146.0,322.0,134.0,329.0,140.0,325.0,-1.0,-1.0,0.0,0.0
141.0,319.0,153.0,328.0,147.0,323.0,-1.0,-1.0,0.0,0.0
-1.0,-1.0,-1.0,-1.0,-1.0,-1.0,-1.0,-1.0,-1.0,-1.0
132.0,337.0,156.0,328.0,144.0,332.0,-1.0,-1.0,0.0,0.0
140.0,332.0,154.0,358.0,147.0,345.0,-1.0,-1.0,0.0,0.0
-1.0,-1.0,-1.0,-1.0,-1.0,-1.0,-1.0,-1.0,-1.0,-1.0
166.0,336.0,151.0,368.0,158.0,352.0,-1.0,-1.0,0.0,0.0
161.0,344.0,140.0,344.0,150.0,344.0,-1.0,-1.0,0.0,0.0
-1.0,-1.0,-1.0,-1.0,-1.0,-1.0,-1.0,-1.0,-1.0,-1.0
146.0,325.0,151.0,351.0,148.0,338.0,-1.0,-1.0,0.0,0.0
148.0,346.0,159.0,323.0,153.0,334.0,-1.0,-1.0,0.0,0.0
188.0,347.0,188.0,347.0,188.0,347.0,2.12,2.12,0.0,0.0
196.0,349.0,249.0,348.0,222.0,348.0,-1.0,-1.0,0.0,0.0
278.0,347.0,299.0,363.0,288.0,355.0,-1.0,-1.0,0.0,0.0
312.0,367.0,312.0,367.0,312.0,367.0,2.41,2.41,0.0,0.0
313.0,363.0,308.0,368.0,310.0,365.0,-1.0,-1.0,0.0,0.0
326.0,377.0,312.0,380.0,319.0,378.0,-1.0,-1.0,0.0,0.0
312.0,380.0,312.0,380.0,312.0,380.0,2.35,2.35,0.0,0.0
325.0,373.0,312.0,393.0,318.0,383.0,-1.0,-1.0,0.0,0.0
317.0,354.0,309.0,397.0,313.0,375.0,-1.0,-1.0,0.0,0.0
298.0,393.0,298.0,393.0,298.0,393.0,2.36,2.36,0.0,0.0
322.0,370.0,302.0,384.0,312.0,377.0,-1.0,-1.0,0.0,0.0
337.0,401.0,305.0,383.0,321.0,392.0,-1.0,-1.0,0.0,0.0
313.0,367.0,313.0,367.0,313.0,367.0,2.16,2.16,0.0,0.0
330.0,391.0,311.0,363.0,320.0,377.0,-1.0,-1.0,0.0,0.0
314.0,356.0,311.0,360.0,312.0,358.0,-1.0,-1.0,0.0,0.0
304.0,349.0,304.0,349.0,304.0,349.0,2.17,2.17,0.0,0.0
308.0,351.0,309.0,360.0,308.0,355.0,-1.0,-1.0,0.0,0.0
303.0,356.0,309.0,369.0,306.0,362.0,-1.0,-1.0,0.0,0.0
-1.0,-1.0,-1.0,-1.0,-1.0,-1.0,-1.0,-1.0,-1.0,-1.0
313.0,358.0,308.0,362.0,310.0,360.0,-1.0,-1.0,0.0,0.0
320.0,358.0,308.0,374.0,314.0,366.0,-1.0,-1.0,0.0,0.0
306.0,374.0,306.0,374.0,306.0,374.0,2.05,2.05,0.0,0.0
317.0,364.0,305.0,376.0,311.0,370.0,-1.0,-1.0,0.0,0.0
314.0,383.0,301.0,352.0,307.0,367.0,-1.0,-1.0,0.0,0.0
302.0,357.0,302.0,357.0,302.0,357.0,2.18,2.18,0.0,0.0
296.0,365.0,298.0,361.0,297.0,363.0,-1.0,-1.0,0.0,0.0
292.0,344.0,313.0,381.0,302.0,362.0,-1.0,-1.0,0.0,0.0
313.0,382.0,313.0,382.0,313.0,382.0,2.15,2.15,0.0,0.0
301.0,353.0,311.0,387.0,306.0,370.0,-1.0,-1.0,0.0,0.0
308.0,369.0,302.0,361.0,305.0,365.0,-1.0,-1.0,0.0,0.0
293.0,342.0,293.0,342.0,293.0,342.0,2.07,2.07,0.0,0.0
302.0,362.0,292.0,348.0,297.0,355.0,-1.0,-1.0,0.0,0.0
310.0,364.0,312.0,389.0,311.0,376.0,-1.0,-1.0,0.0,0.0
312.0,389.0,312.0,389.0,312.0,389.0,2.5,2.5,0.0,0.0
314.0,369.0,327.0,375.0,320.0,372.0,-1.0,-1.0,0.0,0.0
292.0,364.0,313.0,402.0,302.0,383.0,-1.0,-1.0,0.0,0.0
284.0,373.0,284.0,373.0,284.0,373.0,2.18,2.18,0.0,0.0
246.0,354.0,228.0,371.0,237.0,362.0,-1.0,-1.0,0.0,0.0
218.0,337.0,213.0,365.0,215.0,351.0,-1.0,-1.0,0.0,0.0
-1.0,-1.0,-1.0,-1.0,-1.0,-1.0,-1.0,-1.0,-1.0,-1.0
214.0,331.0,216.0,356.0,215.0,343.0,-1.0,-1.0,0.0,0.0
215.0,330.0,209.0,342.0,212.0,336.0,-1.0,-1.0,0.0,0.0
203.0,328.0,203.0,328.0,203.0,328.0,2.41,2.41,0.0,0.0
217.0,350.0,203.0,333.0,210.0,341.0,-1.0,-1.0,0.0,0.0
221.0,368.0,221.0,359.0,221.0,363.0,-1.0,-1.0,0.0,0.0
207.0,353.0,207.0,353.0,207.0,353.0,2.12,2.12,0.0,0.0
214.0,354.0,219.0,357.0,216.0,355.0,-1.0,-1.0,0.0,0.0
205.0,347.0,219.0,347.0,212.0,347.0,-1.0,-1.0,0.0,0.0
216.0,346.0,216.0,346.0,216.0,346.0,2.11,2.11,0.0,0.0
198.0,352.0,207.0,339.0,202.0,345.0,-1.0,-1.0,0.0,0.0
211.0,357.0,207.0,347.0,209.0,352.0,-1.0,-1.0,0.0,0.0
213.0,342.0,213.0,342.0,213.0,342.0,2.24,2.24,0.0,0.0
222.0,352.0,210.0,353.0,216.0,352.0,-1.0,-1.0,0.0,0.0
217.0,357.0,214.0,355.0,215.0,356.0,-1.0,-1.0,0.0,0.0
214.0,363.0,214.0,363.0,214.0,363.0,2.24,2.24,0.0,0.0
201.0,350.0,233.0,356.0,217.0,353.0,-1.0,-1.0,0.0,0.0
207.0,356.0,221.0,359.0,214.0,357.0,-1.0,-1.0,0.0,0.0
-1.0,-1.0,-1.0,-1.0,-1.0,-1.0,-1.0,-1.0,-1.0,-1.0
221.0,370.0,215.0,363.0,218.0,366.0,-1.0,-1.0,0.0,0.0
227.0,364.0,217.0,376.0,222.0,370.0,-1.0,-1.0,0.0,0.0
227.0,364.0,227.0,367.0,227.0,365.0,3.08,2.27,0.0,0.0
222.0,367.0,231.0,362.0,226.0,364.0,-1.0,-1.0,0.0,0.0
215.0,371.0,234.0,383.0,224.0,377.0,-1.0,-1.0,0.0,0.0
-1.0,-1.0,-1.0,-1.0,-1.0,-1.0,-1.0,-1.0,-1.0,-1.0
223.0,368.0,231.0,380.0,227.0,374.0,-1.0,-1.0,0.0,0.0
224.0,372.0,219.0,350.0,221.0,361.0,-1.0,-1.0,0.0,0.0
219.0,350.0,219.0,350.0,219.0,350.0,2.34,2.34,0.0,0.0
227.0,362.0,210.0,345.0,218.0,353.0,-1.0,-1.0,0.0,0.0
225.0,350.0,212.0,341.0,218.0,345.0,-1.0,-1.0,0.0,0.0
212.0,341.0,212.0,341.0,212.0,341.0,2.18,2.18,0.0,0.0
254.0,347.0,251.0,365.0,252.0,356.0,-1.0,-1.0,0.0,0.0
323.0,361.0,293.0,361.0,308.0,361.0,-1.0,-1.0,0.0,0.0
335.0,373.0,335.0,373.0,335.0,373.0,2.34,2.34,0.0,0.0
346.0,360.0,340.0,370.0,343.0,365.0,-1.0,-1.0,0.0,0.0
359.0,336.0,334.0,350.0,346.0,343.0,-1.0,-1.0,0.0,0.0
334.0,350.0,334.0,350.0,334.0,350.0,2.18,2.18,0.0,0.0
359.0,332.0,332.0,350.0,345.0,341.0,-1.0,-1.0,0.0,0.0
343.0,332.0,337.0,340.0,340.0,336.0,-1.0,-1.0,0.0,0.0
327.0,342.0,327.0,342.0,327.0,342.0,2.15,2.15,0.0,0.0
339.0,340.0,330.0,331.0,334.0,335.0,-1.0,-1.0,0.0,0.0
352.0,365.0,330.0,350.0,341.0,357.0,-1.0,-1.0,0.0,0.0
344.0,333.0,342.0,369.0,343.0,351.0,1.85,2.28,0.0,0.0
344.0,333.0,344.0,377.0,344.0,355.0,-1.0,-1.0,0.0,0.0
342.0,333.0,336.0,365.0,339.0,349.0,-1.0,-1.0,0.0,0.0
-1.0,-1.0,-1.0,-1.0,-1.0,-1.0,-1.0,-1.0,-1.0,-1.0
342.0,333.0,330.0,369.0,336.0,351.0,-1.0,-1.0,0.0,0.0
348.0,340.0,332.0,380.0,340.0,360.0,-1.0,-1.0,0.0,0.0
327.0,365.0,327.0,365.0,327.0,365.0,2.06,2.06,0.0,0.0
346.0,339.0,335.0,351.0,340.0,345.0,-1.0,-1.0,0.0,0.0
354.0,374.0,329.0,336.0,341.0,355.0,-1.0,-1.0,0.0,0.0
332.0,329.0,332.0,329.0,332.0,329.0,2.14,2.14,0.0,0.0
344.0,366.0,339.0,362.0,341.0,364.0,-1.0,-1.0,0.0,0.0
333.0,346.0,339.0,379.0,336.0,362.0,-1.0,-1.0,0.0,0.0
324.0,365.0,324.0,365.0,324.0,365.0,2.18,2.18,0.0,0.0
341.0,348.0,325.0,365.0,333.0,356.0,-1.0,-1.0,0.0,0.0
346.0,359.0,334.0,352.0,340.0,355.0,-1.0,-1.0,0.0,0.0
-1.0,-1.0,-1.0,-1.0,-1.0,-1.0,-1.0,-1.0,-1.0,-1.0
358.0,370.0,339.0,353.0,348.0,361.0,-1.0,-1.0,0.0,0.0
342.0,311.0,348.0,350.0,345.0,330.0,-1.0,-1.0,0.0,0.0
384.0,349.0,384.0,349.0,384.0,349.0,2.12,2.12,0.0,0.0
342.0,311.0,503.0,351.0,422.0,331.0,-1.0,-1.0,0.0,0.0
497.0,356.0,523.0,354.0,510.0,355.0,-1.0,-1.0,0.0,0.0
523.0,354.0,523.0,354.0,523.0,354.0,2.12,2.12,0.0,0.0
507.0,356.0,527.0,360.0,517.0,358.0,-1.0,-1.0,0.0,0.0
515.0,391.0,523.0,361.0,519.0,376.0,-1.0,-1.0,0.0,0.0
525.0,340.0,525.0,340.0,525.0,340.0,2.01,2.01,0.0,0.0
521.0,373.0,519.0,336.0,520.0,354.0,-1.0,-1.0,0.0,0.0
508.0,352.0,512.0,336.0,510.0,344.0,-1.0,-1.0,0.0,0.0
518.0,345.0,518.0,345.0,518.0,345.0,2.15,2.15,0.0,0.0
511.0,356.0,520.0,340.0,515.0,348.0,-1.0,-1.0,0.0,0.0
524.0,371.0,526.0,337.0,525.0,354.0,-1.0,-1.0,0.0,0.0
510.0,336.0,510.0,336.0,510.0,336.0,2.12,2.12,0.0,0.0
528.0,376.0,514.0,348.0,521.0,362.0,-1.0,-1.0,0.0,0.0
528.0,357.0,514.0,365.0,521.0,361.0,-1.0,-1.0,0.0,0.0
534.0,368.0,534.0,368.0,534.0,368.0,2.26,2.26,0.0,0.0
520.0,362.0,539.0,395.0,529.0,378.0,-1.0,-1.0,0.0,0.0
529.0,346.0,535.0,390.0,532.0,368.0,-1.0,-1.0,0.0,0.0
508.0,335.0,508.0,335.0,508.0,335.0,1.9,1.9,0.0,0.0
530.0,346.0,511.0,335.0,520.0,340.0,-1.0,-1.0,0.0,0.0
527.0,372.0,543.0,373.0,535.0,372.0,-1.0,-1.0,0.0,0.0
531.0,378.0,531.0,378.0,531.0,378.0,2.13,2.13,0.0,0.0
526.0,368.0,529.0,378.0,527.0,373.0,-1.0,-1.0,0.0,0.0
515.0,352.0,517.0,384.0,516.0,368.0,-1.0,-1.0,0.0,0.0
521.0,385.0,521.0,385.0,521.0,385.0,2.15,2.15,0.0,0.0
522.0,335.0,523.0,384.0,522.0,359.0,-1.0,-1.0,0.0,0.0
536.0,348.0,528.0,370.0,532.0,359.0,-1.0,-1.0,0.0,0.0
-1.0,-1.0,-1.0,-1.0,-1.0,-1.0,-1.0,-1.0,-1.0,-1.0
530.0,363.0,525.0,384.0,527.0,373.0,-1.0,-1.0,0.0,0.0
512.0,366.0,525.0,384.0,518.0,375.0,-1.0,-1.0,0.0,0.0
494.0,371.0,494.0,371.0,494.0,371.0,2.05,2.05,0.0,0.0
475.0,367.0,477.0,365.0,476.0,366.0,-1.0,-1.0,0.0,0.0
469.0,387.0,479.0,355.0,474.0,371.0,-1.0,-1.0,0.0,0.0
-1.0,-1.0,-1.0,-1.0,-1.0,-1.0,-1.0,-1.0,-1.0,-1.0
467.0,387.0,468.0,368.0,467.0,377.0,-1.0,-1.0,0.0,0.0
484.0,358.0,460.0,368.0,472.0,363.0,-1.0,-1.0,0.0,0.0
-1.0,-1.0,-1.0,-1.0,-1.0,-1.0,-1.0,-1.0,-1.0,-1.0
479.0,351.0,459.0,366.0,469.0,358.0,-1.0,-1.0,0.0,0.0
473.0,353.0,479.0,371.0,476.0,362.0,-1.0,-1.0,0.0,0.0
473.0,353.0,473.0,353.0,473.0,353.0,2.09,2.09,0.0,0.0
491.0,347.0,488.0,366.0,489.0,356.0,-1.0,-1.0,0.0,0.0
485.0,357.0,490.0,384.0,487.0,370.0,-1.0,-1.0,0.0,0.0
490.0,384.0,490.0,384.0,490.0,384.0,2.13,2.13,0.0,0.0
473.0,359.0,464.0,368.0,468.0,363.0,-1.0,-1.0,0.0,0.0
482.0,350.0,466.0,366.0,474.0,358.0,-1.0,-1.0,0.0,0.0
470.0,376.0,470.0,376.0,470.0,376.0,2.05,2.05,0.0,0.0
472.0,336.0,465.0,385.0,468.0,360.0,-1.0,-1.0,0.0,0.0
462.0,338.0,457.0,385.0,459.0,361.0,-1.0,-1.0,0.0,0.0
467.0,355.0,467.0,355.0,467.0,355.0,2.77,2.77,0.0,0.0
459.0,340.0,469.0,350.0,464.0,345.0,-1.0,-1.0,0.0,0.0
477.0,350.0,463.0,363.0,470.0,356.0,-1.0,-1.0,0.0,0.0
463.0,363.0,463.0,363.0,463.0,363.0,2.92,2.92,0.0,0.0
483.0,367.0,463.0,373.0,473.0,370.0,-1.0,-1.0,0.0,0.0
475.0,359.0,471.0,376.0,473.0,367.0,-1.0,-1.0,0.0,0.0
-1.0,-1.0,-1.0,-1.0,-1.0,-1.0,-1.0,-1.0,-1.0,-1.0
480.0,345.0,485.0,375.0,482.0,360.0,-1.0,-1.0,0.0,0.0
473.0,346.0,485.0,373.0,479.0,359.0,-1.0,-1.0,0.0,0.0
482.0,372.0,482.0,372.0,482.0,372.0,2.11,2.11,0.0,0.0
480.0,357.0,481.0,363.0,480.0,360.0,-1.0,-1.0,0.0,0.0
485.0,352.0,482.0,339.0,483.0,345.0,-1.0,-1.0,0.0,0.0
482.0,336.0,482.0,336.0,482.0,336.0,1.9,1.9,0.0,0.0
467.0,349.0,484.0,350.0,475.0,349.0,-1.0,-1.0,0.0,0.0
463.0,349.0,470.0,326.0,466.0,337.0,-1.0,-1.0,0.0,0.0
-1.0,-1.0,-1.0,-1.0,-1.0,-1.0,-1.0,-1.0,-1.0,-1.0
473.0,346.0,472.0,352.0,472.0,349.0,-1.0,-1.0,0.0,0.0
474.0,376.0,474.0,376.0,474.0,376.0,-1.0,-1.0,0.0,0.0
474.0,346.0,474.0,346.0,474.0,346.0,1.87,1.87,0.0,0.0
477.0,369.0,486.0,358.0,481.0,363.0,-1.0,-1.0,0.0,0.0
476.0,352.0,486.0,407.0,481.0,379.0,-1.0,-1.0,0.0,0.0
482.0,410.0,482.0,410.0,482.0,410.0,2.18,2.18,0.0,0.0
513.0,348.0,529.0,391.0,521.0,369.0,-1.0,-1.0,0.0,0.0
577.0,358.0,603.0,360.0,590.0,359.0,-1.0,-1.0,0.0,0.0
603.0,360.0,603.0,360.0,603.0,360.0,1.93,1.93,0.0,0.0
595.0,358.0,597.0,357.0,596.0,357.0,-1.0,-1.0,0.0,0.0
596.0,354.0,596.0,354.0,596.0,354.0,-1.0,-1.0,0.0,0.0
597.0,357.0,597.0,357.0,597.0,357.0,2.54,2.54,0.0,0.0
587.0,347.0,601.0,368.0,594.0,357.0,-1.0,-1.0,0.0,0.0
590.0,363.0,606.0,362.0,598.0,362.0,-1.0,-1.0,0.0,0.0
-1.0,-1.0,-1.0,-1.0,-1.0,-1.0,-1.0,-1.0,-1.0,-1.0
580.0,367.0,590.0,357.0,585.0,362.0,-1.0,-1.0,0.0,0.0
583.0,366.0,597.0,357.0,590.0,361.0,-1.0,-1.0,0.0,0.0
580.0,359.0,580.0,359.0,580.0,359.0,2.08,2.08,0.0,0.0
598.0,369.0,584.0,369.0,591.0,369.0,-1.0,-1.0,0.0,0.0
586.0,361.0,596.0,377.0,591.0,369.0,-1.0,-1.0,0.0,0.0
-1.0,-1.0,-1.0,-1.0,-1.0,-1.0,-1.0,-1.0,-1.0,-1.0
585.0,353.0,602.0,366.0,593.0,359.0,-1.0,-1.0,0.0,0.0
602.0,358.0,597.0,371.0,599.0,364.0,-1.0,-1.0,0.0,0.0
597.0,371.0,597.0,371.0,597.0,371.0,1.89,1.89,0.0,0.0
603.0,370.0,595.0,367.0,599.0,368.0,-1.0,-1.0,0.0,0.0
604.0,362.0,600.0,360.0,602.0,361.0,-1.0,-1.0,0.0,0.0
601.0,360.0,601.0,360.0,601.0,360.0,1.86,1.86,0.0,0.0
604.0,363.0,595.0,353.0,599.0,358.0,-1.0,-1.0,0.0,0.0
591.0,356.0,583.0,330.0,587.0,343.0,-1.0,-1.0,0.0,0.0
588.0,341.0,588.0,341.0,588.0,341.0,2.25,2.25,0.0,0.0
595.0,345.0,583.0,348.0,589.0,346.0,-1.0,-1.0,0.0,0.0
602.0,356.0,581.0,362.0,591.0,359.0,-1.0,-1.0,0.0,0.0
581.0,363.0,581.0,363.0,581.0,363.0,1.81,1.81,0.0,0.0
605.0,358.0,591.0,382.0,598.0,370.0,-1.0,-1.0,0.0,0.0
602.0,367.0,597.0,383.0,599.0,375.0,-1.0,-1.0,0.0,0.0
597.0,383.0,597.0,383.0,597.0,383.0,2.14,2.14,0.0,0.0
596.0,361.0,585.0,372.0,590.0,366.0,-1.0,-1.0,0.0,0.0
597.0,365.0,577.0,381.0,587.0,373.0,-1.0,-1.0,0.0,0.0
574.0,366.0,574.0,366.0,574.0,366.0,2.0,2.0,0.0,0.0
593.0,362.0,579.0,374.0,586.0,368.0,-1.0,-1.0,0.0,0.0
595.0,357.0,595.0,357.0,595.0,357.0,-1.0,-1.0,0.0,0.0
-1.0,-1.0,-1.0,-1.0,-1.0,-1.0,-1.0,-1.0,-1.0,-1.0
585.0,359.0,569.0,377.0,577.0,368.0,-1.0,-1.0,0.0,0.0
580.0,375.0,585.0,352.0,582.0,363.0,-1.0,-1.0,0.0,0.0
-1.0,-1.0,-1.0,-1.0,-1.0,-1.0,-1.0,-1.0,-1.0,-1.0
614.0,377.0,595.0,352.0,604.0,364.0,-1.0,-1.0,0.0,0.0
614.0,361.0,596.0,354.0,605.0,357.0,-1.0,-1.0,0.0,0.0
592.0,338.0,592.0,338.0,592.0,338.0,1.86,1.86,0.0,0.0
585.0,358.0,597.0,345.0,591.0,351.0,-1.0,-1.0,0.0,0.0
606.0,356.0,617.0,345.0,611.0,350.0,-1.0,-1.0,0.0,0.0
642.0,358.0,642.0,358.0,642.0,358.0,1.99,1.99,0.0,0.0
694.0,338.0,710.0,346.0,702.0,342.0,-1.0,-1.0,0.0,0.0
748.0,361.0,748.0,351.0,748.0,356.0,-1.0,-1.0,0.0,0.0
767.0,348.0,767.0,348.0,767.0,348.0,2.62,2.62,0.0,0.0
773.0,370.0,778.0,349.0,775.0,359.0,-1.0,-1.0,0.0,0.0
767.0,352.0,779.0,351.0,773.0,351.0,-1.0,-1.0,0.0,0.0
771.0,351.0,771.0,351.0,771.0,351.0,1.9,1.9,0.0,0.0
772.0,337.0,781.0,356.0,776.0,346.0,-1.0,-1.0,0.0,0.0
789.0,353.0,790.0,368.0,789.0,360.0,-1.0,-1.0,0.0,0.0
-1.0,-1.0,-1.0,-1.0,-1.0,-1.0,-1.0,-1.0,-1.0,-1.0
776.0,355.0,791.0,366.0,783.0,360.0,-1.0,-1.0,0.0,0.0
772.0,340.0,784.0,353.0,778.0,346.0,-1.0,-1.0,0.0,0.0
793.0,357.0,793.0,357.0,793.0,357.0,1.96,1.96,0.0,0.0
768.0,334.0,786.0,355.0,777.0,344.0,-1.0,-1.0,0.0,0.0
761.0,353.0,777.0,352.0,769.0,352.0,-1.0,-1.0,0.0,0.0
775.0,345.0,775.0,345.0,775.0,345.0,2.14,2.14,0.0,0.0
771.0,366.0,771.0,344.0,771.0,355.0,-1.0,-1.0,0.0,0.0
777.0,375.0,756.0,376.0,766.0,375.0,-1.0,-1.0,0.0,0.0
766.0,367.0,766.0,367.0,766.0,367.0,2.28,2.28,0.0,0.0
763.0,359.0,769.0,382.0,766.0,370.0,-1.0,-1.0,0.0,0.0
769.0,342.0,803.0,373.0,786.0,357.0,-1.0,-1.0,0.0,0.0
-1.0,-1.0,-1.0,-1.0,-1.0,-1.0,-1.0,-1.0,-1.0,-1.0
773.0,350.0,792.0,358.0,782.0,354.0,-1.0,-1.0,0.0,0.0
765.0,346.0,782.0,338.0,773.0,342.0,-1.0,-1.0,0.0,0.0
768.0,330.0,768.0,330.0,768.0,330.0,1.76,1.76,0.0,0.0
799.0,358.0,809.0,326.0,804.0,342.0,-1.0,-1.0,0.0,0.0
863.0,365.0,849.0,326.0,856.0,345.0,-1.0,-1.0,0.0,0.0
-1.0,-1.0,-1.0,-1.0,-1.0,-1.0,-1.0,-1.0,-1.0,-1.0
898.0,345.0,920.0,330.0,909.0,337.0,-1.0,-1.0,0.0,0.0
911.0,350.0,892.0,333.0,901.0,341.0,-1.0,-1.0,0.0,0.0
-1.0,-1.0,-1.0,-1.0,-1.0,-1.0,-1.0,-1.0,-1.0,-1.0
910.0,340.0,926.0,347.0,918.0,343.0,-1.0,-1.0,0.0,0.0
908.0,338.0,912.0,336.0,910.0,337.0,-1.0,-1.0,0.0,0.0
-1.0,-1.0,-1.0,-1.0,-1.0,-1.0,-1.0,-1.0,-1.0,-1.0
911.0,338.0,912.0,328.0,911.0,333.0,-1.0,-1.0,0.0,0.0
913.0,328.0,922.0,343.0,917.0,335.0,-1.0,-1.0,0.0,0.0
922.0,363.0,922.0,363.0,922.0,363.0,2.01,2.01,0.0,0.0
926.0,336.0,912.0,370.0,919.0,353.0,-1.0,-1.0,0.0,0.0
918.0,348.0,914.0,361.0,916.0,354.0,-1.0,-1.0,0.0,0.0
925.0,341.0,925.0,341.0,925.0,341.0,1.79,1.79,0.0,0.0
915.0,340.0,936.0,341.0,925.0,340.0,-1.0,-1.0,0.0,0.0
912.0,345.0,937.0,338.0,924.0,341.0,-1.0,-1.0,0.0,0.0
-1.0,-1.0,-1.0,-1.0,-1.0,-1.0,-1.0,-1.0,-1.0,-1.0
901.0,340.0,934.0,347.0,917.0,343.0,-1.0,-1.0,0.0,0.0
914.0,331.0,930.0,351.0,922.0,341.0,-1.0,-1.0,0.0,0.0
927.0,347.0,927.0,347.0,927.0,347.0,1.81,1.81,0.0,0.0
928.0,346.0,936.0,345.0,932.0,345.0,-1.0,-1.0,0.0,0.0
924.0,354.0,929.0,354.0,926.0,354.0,-1.0,-1.0,0.0,0.0
-1.0,-1.0,-1.0,-1.0,-1.0,-1.0,-1.0,-1.0,-1.0,-1.0
928.0,355.0,912.0,347.0,920.0,351.0,-1.0,-1.0,0.0,0.0
927.0,343.0,910.0,350.0,918.0,346.0,-1.0,-1.0,0.0,0.0
-1.0,-1.0,-1.0,-1.0,-1.0,-1.0,-1.0,-1.0,-1.0,-1.0
906.0,327.0,908.0,358.0,907.0,342.0,-1.0,-1.0,0.0,0.0
912.0,340.0,919.0,356.0,915.0,348.0,-1.0,-1.0,0.0,0.0
-1.0,-1.0,-1.0,-1.0,-1.0,-1.0,-1.0,-1.0,-1.0,-1.0
929.0,361.0,935.0,385.0,932.0,373.0,-1.0,-1.0,0.0,0.0
917.0,370.0,925.0,388.0,921.0,379.0,-1.0,-1.0,0.0,0.0
925.0,388.0,925.0,388.0,925.0,388.0,2.9,2.9,0.0,0.0
913.0,349.0,931.0,375.0,922.0,362.0,-1.0,-1.0,0.0,0.0
927.0,342.0,932.0,375.0,929.0,358.0,-1.0,-1.0,0.0,0.0
926.0,342.0,926.0,342.0,926.0,342.0,2.97,2.97,0.0,0.0
918.0,340.0,922.0,370.0,920.0,355.0,-1.0,-1.0,0.0,0.0
910.0,334.0,916.0,364.0,913.0,349.0,-1.0,-1.0,0.0,0.0
916.0,364.0,916.0,364.0,916.0,364.0,2.66,2.66,0.0,0.0
911.0,327.0,921.0,360.0,916.0,343.0,-1.0,-1.0,0.0,0.0
929.0,319.0,917.0,364.0,923.0,341.0,-1.0,-1.0,0.0,0.0
928.0,319.0,917.0,364.0,922.0,341.0,3.43,2.55,0.0,0.0
928.0,333.0,920.0,373.0,924.0,353.0,-1.0,-1.0,0.0,0.0
913.0,359.0,929.0,345.0,921.0,352.0,-1.0,-1.0,0.0,0.0
930.0,347.0,930.0,347.0,930.0,347.0,1.85,1.85,0.0,0.0
912.0,358.0,923.0,347.0,917.0,352.0,-1.0,-1.0,0.0,0.0
911.0,326.0,941.0,377.0,926.0,351.0,-1.0,-1.0,0.0,0.0
926.0,370.0,926.0,370.0,926.0,370.0,1.83,1.83,0.0,0.0
905.0,327.0,939.0,378.0,922.0,352.0,-1.0,-1.0,0.0,0.0
910.0,339.0,942.0,366.0,926.0,352.0,-1.0,-1.0,0.0,0.0
-1.0,-1.0,-1.0,-1.0,-1.0,-1.0,-1.0,-1.0,-1.0,-1.0
921.0,352.0,941.0,383.0,931.0,367.0,-1.0,-1.0,0.0,0.0
926.0,358.0,948.0,385.0,937.0,371.0,-1.0,-1.0,0.0,0.0
954.0,380.0,954.0,380.0,954.0,380.0,1.9,1.9,0.0,0.0
972.0,327.0,1017.0,373.0,994.0,350.0,-1.0,-1.0,0.0,0.0
1060.0,317.0,1073.0,359.0,1066.0,338.0,-1.0,-1.0,0.0,0.0
-1.0,-1.0,-1.0,-1.0,-1.0,-1.0,-1.0,-1.0,-1.0,-1.0
1055.0,321.0,1098.0,364.0,1076.0,342.0,-1.0,-1.0,0.0,0.0
1064.0,330.0,1106.0,360.0,1085.0,345.0,-1.0,-1.0,0.0,0.0
-1.0,-1.0,-1.0,-1.0,-1.0,-1.0,-1.0,-1.0,-1.0,-1.0
1095.0,360.0,1104.0,345.0,1099.0,352.0,-1.0,-1.0,0.0,0.0
1090.0,339.0,1092.0,349.0,1091.0,344.0,-1.0,-1.0,0.0,0.0
-1.0,-1.0,-1.0,-1.0,-1.0,-1.0,-1.0,-1.0,-1.0,-1.0
1086.0,336.0,1089.0,359.0,1087.0,347.0,-1.0,-1.0,0.0,0.0
1090.0,339.0,1086.0,361.0,1088.0,350.0,-1.0,-1.0,0.0,0.0
-1.0,-1.0,-1.0,-1.0,-1.0,-1.0,-1.0,-1.0,-1.0,-1.0
1058.0,301.0,1083.0,353.0,1070.0,327.0,-1.0,-1.0,0.0,0.0
1053.0,303.0,1090.0,353.0,1071.0,328.0,-1.0,-1.0,0.0,0.0
-1.0,-1.0,-1.0,-1.0,-1.0,-1.0,-1.0,-1.0,-1.0,-1.0
1062.0,311.0,1097.0,373.0,1079.0,342.0,-1.0,-1.0,0.0,0.0
1057.0,318.0,1101.0,369.0,1079.0,343.0,-1.0,-1.0,0.0,0.0
-1.0,-1.0,-1.0,-1.0,-1.0,-1.0,-1.0,-1.0,-1.0,-1.0
1109.0,369.0,1109.0,369.0,1109.0,369.0,-1.0,-1.0,0.0,0.0
1072.0,318.0,1099.0,355.0,1085.0,336.0,-1.0,-1.0,0.0,0.0
1099.0,355.0,1099.0,355.0,1099.0,355.0,2.64,2.64,0.0,0.0
1102.0,328.0,1089.0,355.0,1095.0,341.0,-1.0,-1.0,0.0,0.0
1103.0,338.0,1082.0,366.0,1092.0,352.0,-1.0,-1.0,0.0,0.0
1082.0,366.0,1082.0,366.0,1082.0,366.0,3.22,3.22,0.0,0.0
1097.0,343.0,1086.0,353.0,1091.0,348.0,-1.0,-1.0,0.0,0.0
1089.0,344.0,1090.0,358.0,1089.0,351.0,-1.0,-1.0,0.0,0.0
1089.0,344.0,1089.0,344.0,1089.0,344.0,3.36,3.36,0.0,0.0
1092.0,343.0,1096.0,366.0,1094.0,354.0,-1.0,-1.0,0.0,0.0
1090.0,343.0,1110.0,372.0,1100.0,357.0,-1.0,-1.0,0.0,0.0
1090.0,343.0,1090.0,343.0,1090.0,343.0,3.45,3.45,0.0,0.0
1079.0,336.0,1107.0,352.0,1093.0,344.0,-1.0,-1.0,0.0,0.0
1082.0,334.0,1080.0,348.0,1081.0,341.0,-1.0,-1.0,0.0,0.0
-1.0,-1.0,-1.0,-1.0,-1.0,-1.0,-1.0,-1.0,-1.0,-1.0
1083.0,334.0,1079.0,360.0,1081.0,347.0,-1.0,-1.0,0.0,0.0
1100.0,328.0,1087.0,358.0,1093.0,343.0,-1.0,-1.0,0.0,0.0
1100.0,328.0,1087.0,358.0,1093.0,343.0,3.64,3.48,0.0,0.0
1100.0,333.0,1086.0,361.0,1093.0,347.0,-1.0,-1.0,0.0,0.0
1079.0,345.0,1096.0,377.0,1087.0,361.0,-1.0,-1.0,0.0,0.0
1095.0,377.0,1095.0,377.0,1095.0,377.0,3.41,3.41,0.0,0.0
1081.0,349.0,1094.0,373.0,1087.0,361.0,-1.0,-1.0,0.0,0.0
1083.0,345.0,1110.0,340.0,1096.0,342.0,-1.0,-1.0,0.0,0.0
-1.0,-1.0,-1.0,-1.0,-1.0,-1.0,-1.0,-1.0,-1.0,-1.0
1085.0,330.0,1111.0,345.0,1098.0,337.0,-1.0,-1.0,0.0,0.0
1084.0,332.0,1102.0,352.0,1093.0,342.0,-1.0,-1.0,0.0,0.0
1084.0,332.0,1102.0,352.0,1093.0,342.0,3.39,2.8,0.0,0.0
1079.0,339.0,1095.0,336.0,1087.0,337.0,-1.0,-1.0,0.0,0.0
1090.0,329.0,1082.0,337.0,1086.0,333.0,-1.0,-1.0,0.0,0.0
1090.0,329.0,1090.0,329.0,1090.0,329.0,3.48,3.48,0.0,0.0
1119.0,320.0,1128.0,335.0,1123.0,327.0,-1.0,-1.0,0.0,0.0
1197.0,307.0,1214.0,337.0,1205.0,322.0,-1.0,-1.0,0.0,0.0
-1.0,-1.0,-1.0,-1.0,-1.0,-1.0,-1.0,-1.0,-1.0,-1.0
1225.0,349.0,1247.0,364.0,1236.0,356.0,-1.0,-1.0,0.0,0.0
1254.0,354.0,1257.0,355.0,1255.0,354.0,-1.0,-1.0,0.0,0.0
-1.0,-1.0,-1.0,-1.0,-1.0,-1.0,-1.0,-1.0,-1.0,-1.0
1251.0,329.0,1256.0,344.0,1253.0,336.0,-1.0,-1.0,0.0,0.0
1236.0,327.0,1257.0,343.0,1246.0,335.0,-1.0,-1.0,0.0,0.0
1236.0,327.0,1236.0,327.0,1236.0,327.0,3.92,3.92,0.0,0.0
1243.0,331.0,1269.0,354.0,1256.0,342.0,-1.0,-1.0,0.0,0.0
1241.0,327.0,1269.0,358.0,1255.0,342.0,-1.0,-1.0,0.0,0.0
-1.0,-1.0,-1.0,-1.0,-1.0,-1.0,-1.0,-1.0,-1.0,-1.0
1231.0,333.0,1264.0,364.0,1247.0,348.0,-1.0,-1.0,0.0,0.0
1231.0,349.0,1271.0,347.0,1251.0,348.0,-1.0,-1.0,0.0,0.0
1271.0,347.0,1271.0,347.0,1271.0,347.0,2.69,2.69,0.0,0.0
1226.0,339.0,1262.0,345.0,1244.0,342.0,-1.0,-1.0,0.0,0.0
1235.0,329.0,1267.0,348.0,1251.0,338.0,-1.0,-1.0,0.0,0.0
1268.0,348.0,1268.0,348.0,1268.0,348.0,2.65,2.65,0.0,0.0
1243.0,316.0,1282.0,353.0,1262.0,334.0,-1.0,-1.0,0.0,0.0
1229.0,301.0,1264.0,368.0,1246.0,334.0,-1.0,-1.0,0.0,0.0
1229.0,302.0,1229.0,302.0,1229.0,302.0,3.69,3.69,0.0,0.0
1230.0,314.0,1268.0,358.0,1249.0,336.0,-1.0,-1.0,0.0,0.0
1248.0,321.0,1282.0,356.0,1265.0,338.0,-1.0,-1.0,0.0,0.0
-1.0,-1.0,-1.0,-1.0,-1.0,-1.0,-1.0,-1.0,-1.0,-1.0
1236.0,318.0,1270.0,370.0,1253.0,344.0,-1.0,-1.0,0.0,0.0
1241.0,302.0,1257.0,366.0,1249.0,334.0,-1.0,-1.0,0.0,0.0
-1.0,-1.0,-1.0,-1.0,-1.0,-1.0,-1.0,-1.0,-1.0,-1.0
1259.0,305.0,1262.0,352.0,1260.0,328.0,-1.0,-1.0,0.0,0.0
1239.0,306.0,1278.0,353.0,1258.0,329.0,-1.0,-1.0,0.0,0.0
1239.0,306.0,1239.0,306.0,1239.0,306.0,3.66,3.66,0.0,0.0
1253.0,309.0,1273.0,361.0,1263.0,335.0,-1.0,-1.0,0.0,0.0
1259.0,320.0,1272.0,358.0,1265.0,339.0,-1.0,-1.0,0.0,0.0
-1.0,-1.0,-1.0,-1.0,-1.0,-1.0,-1.0,-1.0,-1.0,-1.0
1229.0,307.0,1272.0,353.0,1250.0,330.0,-1.0,-1.0,0.0,0.0
1225.0,319.0,1272.0,347.0,1248.0,333.0,-1.0,-1.0,0.0,0.0
-1.0,-1.0,-1.0,-1.0,-1.0,-1.0,-1.0,-1.0,-1.0,-1.0
1237.0,356.0,1257.0,355.0,1247.0,355.0,-1.0,-1.0,0.0,0.0
1244.0,339.0,1254.0,370.0,1249.0,354.0,-1.0,-1.0,0.0,0.0
-1.0,-1.0,-1.0,-1.0,-1.0,-1.0,-1.0,-1.0,-1.0,-1.0
1258.0,308.0,1280.0,371.0,1269.0,339.0,-1.0,-1.0,0.0,0.0
1246.0,303.0,1284.0,356.0,1265.0,329.0,-1.0,-1.0,0.0,0.0
1246.0,304.0,1246.0,304.0,1246.0,304.0,2.29,2.29,0.0,0.0
1242.0,291.0,1281.0,343.0,1261.0,317.0,-1.0,-1.0,0.0,0.0
1261.0,286.0,1267.0,357.0,1264.0,321.0,-1.0,-1.0,0.0,0.0
-1.0,-1.0,-1.0,-1.0,-1.0,-1.0,-1.0,-1.0,-1.0,-1.0
1254.0,314.0,1261.0,371.0,1257.0,342.0,-1.0,-1.0,0.0,0.0
1238.0,329.0,1261.0,368.0,1249.0,348.0,-1.0,-1.0,0.0,0.0
1261.0,368.0,1261.0,368.0,1261.0,368.0,2.82,2.82,0.0,0.0
1244.0,319.0,1262.0,377.0,1253.0,348.0,-1.0,-1.0,0.0,0.0
1269.0,322.0,1253.0,377.0,1261.0,349.0,-1.0,-1.0,0.0,0.0
-1.0,-1.0,-1.0,-1.0,-1.0,-1.0,-1.0,-1.0,-1.0,-1.0
1264.0,322.0,1243.0,368.0,1253.0,345.0,-1.0,-1.0,0.0,0.0
1235.0,337.0,1239.0,363.0,1237.0,350.0,-1.0,-1.0,0.0,0.0
-1.0,-1.0,-1.0,-1.0,-1.0,-1.0,-1.0,-1.0,-1.0,-1.0
1206.0,324.0,1256.0,358.0,1231.0,341.0,-1.0,-1.0,0.0,0.0
1209.0,301.0,1272.0,365.0,1240.0,333.0,-1.0,-1.0,0.0,0.0
-1.0,-1.0,-1.0,-1.0,-1.0,-1.0,-1.0,-1.0,-1.0,-1.0
1253.0,331.0,1264.0,383.0,1258.0,357.0,-1.0,-1.0,0.0,0.0
1279.0,329.0,1278.0,367.0,1278.0,348.0,-1.0,-1.0,0.0,0.0
-1.0,-1.0,-1.0,-1.0,-1.0,-1.0,-1.0,-1.0,-1.0,-1.0
1304.0,323.0,1330.0,349.0,1317.0,336.0,-1.0,-1.0,0.0,0.0
1360.0,310.0,1384.0,338.0,1372.0,324.0,-1.0,-1.0,0.0,0.0
-1.0,-1.0,-1.0,-1.0,-1.0,-1.0,-1.0,-1.0,-1.0,-1.0
1379.0,299.0,1396.0,317.0,1387.0,308.0,-1.0,-1.0,0.0,0.0
1373.0,334.0,1396.0,322.0,1384.0,328.0,-1.0,-1.0,0.0,0.0
-1.0,-1.0,-1.0,-1.0,-1.0,-1.0,-1.0,-1.0,-1.0,-1.0
1351.0,337.0,1388.0,337.0,1369.0,337.0,-1.0,-1.0,0.0,0.0
1355.0,326.0,1402.0,329.0,1378.0,327.0,-1.0,-1.0,0.0,0.0
-1.0,-1.0,-1.0,-1.0,-1.0,-1.0,-1.0,-1.0,-1.0,-1.0
1371.0,330.0,1391.0,334.0,1381.0,332.0,-1.0,-1.0,0.0,0.0
1363.0,337.0,1374.0,343.0,1368.0,340.0,-1.0,-1.0,0.0,0.0
-1.0,-1.0,-1.0,-1.0,-1.0,-1.0,-1.0,-1.0,-1.0,-1.0
1342.0,318.0,1389.0,340.0,1365.0,329.0,-1.0,-1.0,0.0,0.0
1355.0,324.0,1372.0,350.0,1363.0,337.0,-1.0,-1.0,0.0,0.0
-1.0,-1.0,-1.0,-1.0,-1.0,-1.0,-1.0,-1.0,-1.0,-1.0
1389.0,346.0,1380.0,349.0,1384.0,347.0,-1.0,-1.0,0.0,0.0
1380.0,346.0,1392.0,340.0,1386.0,343.0,-1.0,-1.0,0.0,0.0
-1.0,-1.0,-1.0,-1.0,-1.0,-1.0,-1.0,-1.0,-1.0,-1.0
1365.0,322.0,1380.0,338.0,1372.0,330.0,-1.0,-1.0,0.0,0.0
1361.0,306.0,1388.0,330.0,1374.0,318.0,-1.0,-1.0,0.0,0.0
-1.0,-1.0,-1.0,-1.0,-1.0,-1.0,-1.0,-1.0,-1.0,-1.0
1378.0,314.0,1401.0,339.0,1389.0,326.0,-1.0,-1.0,0.0,0.0
1389.0,299.0,1405.0,340.0,1397.0,319.0,-1.0,-1.0,0.0,0.0
-1.0,-1.0,-1.0,-1.0,-1.0,-1.0,-1.0,-1.0,-1.0,-1.0
1381.0,312.0,1394.0,338.0,1387.0,325.0,-1.0,-1.0,0.0,0.0
1376.0,330.0,1386.0,333.0,1381.0,331.0,-1.0,-1.0,0.0,0.0
-1.0,-1.0,-1.0,-1.0,-1.0,-1.0,-1.0,-1.0,-1.0,-1.0
1342.0,310.0,1383.0,329.0,1362.0,319.0,-1.0,-1.0,0.0,0.0
1361.0,303.0,1372.0,348.0,1366.0,325.0,-1.0,-1.0,0.0,0.0
-1.0,-1.0,-1.0,-1.0,-1.0,-1.0,-1.0,-1.0,-1.0,-1.0
1386.0,312.0,1401.0,372.0,1393.0,342.0,-1.0,-1.0,0.0,0.0
1359.0,313.0,1406.0,359.0,1382.0,336.0,-1.0,-1.0,0.0,0.0
-1.0,-1.0,-1.0,-1.0,-1.0,-1.0,-1.0,-1.0,-1.0,-1.0
1366.0,315.0,1384.0,343.0,1375.0,329.0,-1.0,-1.0,0.0,0.0
1374.0,302.0,1372.0,361.0,1373.0,331.0,-1.0,-1.0,0.0,0.0
1374.0,302.0,1374.0,302.0,1374.0,302.0,3.41,3.41,0.0,0.0
1360.0,308.0,1371.0,373.0,1365.0,340.0,-1.0,-1.0,0.0,0.0
1366.0,324.0,1373.0,355.0,1369.0,339.0,-1.0,-1.0,0.0,0.0
-1.0,-1.0,-1.0,-1.0,-1.0,-1.0,-1.0,-1.0,-1.0,-1.0
1401.0,335.0,1408.0,352.0,1404.0,343.0,-1.0,-1.0,0.0,0.0
1547.0,315.0,1469.0,347.0,1508.0,331.0,-1.0,-1.0,0.0,0.0
-1.0,-1.0,-1.0,-1.0,-1.0,-1.0,-1.0,-1.0,-1.0,-1.0
1494.0,309.0,1501.0,346.0,1497.0,327.0,-1.0,-1.0,0.0,0.0
1474.0,336.0,1513.0,354.0,1493.0,345.0,-1.0,-1.0,0.0,0.0
-1.0,-1.0,-1.0,-1.0,-1.0,-1.0,-1.0,-1.0,-1.0,-1.0
1469.0,322.0,1519.0,347.0,1494.0,334.0,-1.0,-1.0,0.0,0.0
1473.0,335.0,1505.0,349.0,1489.0,342.0,-1.0,-1.0,0.0,0.0
-1.0,-1.0,-1.0,-1.0,-1.0,-1.0,-1.0,-1.0,-1.0,-1.0
1486.0,329.0,1500.0,347.0,1493.0,338.0,-1.0,-1.0,0.0,0.0
1483.0,321.0,1505.0,341.0,1494.0,331.0,-1.0,-1.0,0.0,0.0
-1.0,-1.0,-1.0,-1.0,-1.0,-1.0,-1.0,-1.0,-1.0,-1.0
1473.0,327.0,1496.0,359.0,1484.0,343.0,-1.0,-1.0,0.0,0.0
1485.0,330.0,1483.0,363.0,1484.0,346.0,-1.0,-1.0,0.0,0.0
-1.0,-1.0,-1.0,-1.0,-1.0,-1.0,-1.0,-1.0,-1.0,-1.0
1466.0,348.0,1495.0,343.0,1480.0,345.0,-1.0,-1.0,0.0,0.0
1467.0,346.0,1505.0,344.0,1486.0,345.0,-1.0,-1.0,0.0,0.0
-1.0,-1.0,-1.0,-1.0,-1.0,-1.0,-1.0,-1.0,-1.0,-1.0
1474.0,318.0,1496.0,350.0,1485.0,334.0,-1.0,-1.0,0.0,0.0
1474.0,312.0,1489.0,349.0,1481.0,330.0,-1.0,-1.0,0.0,0.0
-1.0,-1.0,-1.0,-1.0,-1.0,-1.0,-1.0,-1.0,-1.0,-1.0
1499.0,318.0,1492.0,354.0,1495.0,336.0,-1.0,-1.0,0.0,0.0
1489.0,321.0,1506.0,350.0,1497.0,335.0,-1.0,-1.0,0.0,0.0
-1.0,-1.0,-1.0,-1.0,-1.0,-1.0,-1.0,-1.0,-1.0,-1.0
1482.0,318.0,1503.0,343.0,1492.0,330.0,-1.0,-1.0,0.0,0.0
1481.0,313.0,1492.0,360.0,1486.0,336.0,-1.0,-1.0,0.0,0.0
-1.0,-1.0,-1.0,-1.0,-1.0,-1.0,-1.0,-1.0,-1.0,-1.0
1476.0,321.0,1500.0,349.0,1488.0,335.0,-1.0,-1.0,0.0,0.0
1484.0,324.0,1482.0,350.0,1483.0,337.0,-1.0,-1.0,0.0,0.0
-1.0,-1.0,-1.0,-1.0,-1.0,-1.0,-1.0,-1.0,-1.0,-1.0
1483.0,320.0,1510.0,347.0,1496.0,333.0,-1.0,-1.0,0.0,0.0
1469.0,336.0,1512.0,326.0,1490.0,331.0,-1.0,-1.0,0.0,0.0
-1.0,-1.0,-1.0,-1.0,-1.0,-1.0,-1.0,-1.0,-1.0,-1.0
1481.0,354.0,1507.0,328.0,1494.0,341.0,-1.0,-1.0,0.0,0.0
1487.0,333.0,1506.0,339.0,1496.0,336.0,-1.0,-1.0,0.0,0.0
-1.0,-1.0,-1.0,-1.0,-1.0,-1.0,-1.0,-1.0,-1.0,-1.0
1502.0,310.0,1522.0,361.0,1512.0,335.0,-1.0,-1.0,0.0,0.0
1553.0,294.0,1573.0,349.0,1563.0,321.0,-1.0,-1.0,0.0,0.0
-1.0,-1.0,-1.0,-1.0,-1.0,-1.0,-1.0,-1.0,-1.0,-1.0
1563.0,332.0,1578.0,339.0,1570.0,335.0,-1.0,-1.0,0.0,0.0
1553.0,350.0,1587.0,333.0,1570.0,341.0,-1.0,-1.0,0.0,0.0
-1.0,-1.0,-1.0,-1.0,-1.0,-1.0,-1.0,-1.0,-1.0,-1.0
1555.0,329.0,1589.0,323.0,1572.0,326.0,-1.0,-1.0,0.0,0.0
1572.0,305.0,1588.0,328.0,1580.0,316.0,-1.0,-1.0,0.0,0.0
-1.0,-1.0,-1.0,-1.0,-1.0,-1.0,-1.0,-1.0,-1.0,-1.0
1586.0,316.0,1588.0,333.0,1587.0,324.0,-1.0,-1.0,0.0,0.0
1593.0,331.0,1578.0,337.0,1585.0,334.0,-1.0,-1.0,0.0,0.0
-1.0,-1.0,-1.0,-1.0,-1.0,-1.0,-1.0,-1.0,-1.0,-1.0
1569.0,327.0,1578.0,337.0,1573.0,332.0,-1.0,-1.0,0.0,0.0
1552.0,333.0,1581.0,329.0,1566.0,331.0,-1.0,-1.0,0.0,0.0
-1.0,-1.0,-1.0,-1.0,-1.0,-1.0,-1.0,-1.0,-1.0,-1.0
1561.0,319.0,1579.0,334.0,1570.0,326.0,-1.0,-1.0,0.0,0.0
1556.0,320.0,1585.0,328.0,1570.0,324.0,-1.0,-1.0,0.0,0.0
-1.0,-1.0,-1.0,-1.0,-1.0,-1.0,-1.0,-1.0,-1.0,-1.0
1556.0,329.0,1601.0,328.0,1578.0,328.0,-1.0,-1.0,0.0,0.0
1567.0,322.0,1598.0,340.0,1582.0,331.0,-1.0,-1.0,0.0,0.0
-1.0,-1.0,-1.0,-1.0,-1.0,-1.0,-1.0,-1.0,-1.0,-1.0
1569.0,313.0,1584.0,341.0,1576.0,327.0,-1.0,-1.0,0.0,0.0
1550.0,324.0,1572.0,345.0,1561.0,334.0,-1.0,-1.0,0.0,0.0
-1.0,-1.0,-1.0,-1.0,-1.0,-1.0,-1.0,-1.0,-1.0,-1.0
1543.0,344.0,1579.0,335.0,1561.0,339.0,-1.0,-1.0,0.0,0.0
1538.0,335.0,1590.0,335.0,1564.0,335.0,-1.0,-1.0,0.0,0.0
-1.0,-1.0,-1.0,-1.0,-1.0,-1.0,-1.0,-1.0,-1.0,-1.0
1532.0,344.0,1585.0,345.0,1558.0,344.0,-1.0,-1.0,0.0,0.0
1540.0,345.0,1580.0,348.0,1560.0,346.0,-1.0,-1.0,0.0,0.0
1586.0,348.0,1586.0,348.0,1586.0,348.0,1.91,1.91,0.0,0.0
1554.0,330.0,1596.0,337.0,1575.0,333.0,-1.0,-1.0,0.0,0.0
1565.0,324.0,1593.0,343.0,1579.0,333.0,-1.0,-1.0,0.0,0.0
-1.0,-1.0,-1.0,-1.0,-1.0,-1.0,-1.0,-1.0,-1.0,-1.0
1505.0,333.0,1571.0,327.0,1538.0,330.0,-1.0,-1.0,0.0,0.0
1304.0,351.0,1466.0,362.0,1385.0,356.0,-1.0,-1.0,0.0,0.0
-1.0,-1.0,-1.0,-1.0,-1.0,-1.0,-1.0,-1.0,-1.0,-1.0
1126.0,345.0,1217.0,399.0,1171.0,372.0,-1.0,-1.0,0.0,0.0
910.0,300.0,989.0,401.0,949.0,350.0,-1.0,-1.0,0.0,0.0
910.0,300.0,921.0,411.0,915.0,355.0,2.8,1.85,0.0,0.0
775.0,335.0,795.0,431.0,785.0,383.0,-1.0,-1.0,0.0,0.0
578.0,377.0,691.0,461.0,634.0,419.0,-1.0,-1.0,0.0,0.0
-1.0,-1.0,-1.0,-1.0,-1.0,-1.0,-1.0,-1.0,-1.0,-1.0
473.0,374.0,623.0,468.0,548.0,421.0,-1.0,-1.0,0.0,0.0
402.0,360.0,585.0,431.0,493.0,395.0,-1.0,-1.0,0.0,0.0
482.0,432.0,482.0,432.0,482.0,432.0,1.84,1.84,0.0,0.0
424.0,376.0,472.0,427.0,448.0,401.0,-1.0,-1.0,0.0,0.0
455.0,404.0,462.0,439.0,458.0,421.0,-1.0,-1.0,0.0,0.0
473.0,438.0,473.0,438.0,473.0,438.0,1.86,1.86,0.0,0.0
446.0,404.0,479.0,450.0,462.0,427.0,-1.0,-1.0,0.0,0.0
441.0,399.0,441.0,399.0,441.0,399.0,-1.0,-1.0,0.0,0.0
-1.0,-1.0,-1.0,-1.0,-1.0,-1.0,-1.0,-1.0,-1.0,-1.0
441.0,398.0,475.0,452.0,458.0,425.0,-1.0,-1.0,0.0,0.0
424.0,404.0,474.0,436.0,449.0,420.0,-1.0,-1.0,0.0,0.0
-1.0,-1.0,-1.0,-1.0,-1.0,-1.0,-1.0,-1.0,-1.0,-1.0
426.0,391.0,467.0,426.0,446.0,408.0,-1.0,-1.0,0.0,0.0
421.0,365.0,484.0,422.0,452.0,393.0,-1.0,-1.0,0.0,0.0
482.0,475.0,482.0,475.0,482.0,475.0,1.99,1.99,0.0,0.0
395.0,371.0,473.0,479.0,434.0,425.0,-1.0,-1.0,0.0,0.0
336.0,382.0,472.0,478.0,404.0,430.0,-1.0,-1.0,0.0,0.0
477.0,493.0,477.0,493.0,477.0,493.0,2.64,2.64,0.0,0.0
246.0,395.0,417.0,497.0,331.0,446.0,-1.0,-1.0,0.0,0.0
174.0,401.0,250.0,475.0,212.0,438.0,-1.0,-1.0,0.0,0.0
250.0,475.0,250.0,475.0,250.0,475.0,2.94,2.94,0.0,0.0
147.0,404.0,222.0,445.0,184.0,424.0,-1.0,-1.0,0.0,0.0
168.0,408.0,307.0,456.0,237.0,432.0,-1.0,-1.0,0.0,0.0
-1.0,-1.0,-1.0,-1.0,-1.0,-1.0,-1.0,-1.0,-1.0,-1.0
188.0,401.0,209.0,377.0,198.0,389.0,-1.0,-1.0,0.0,0.0
183.0,421.0,224.0,416.0,203.0,418.0,-1.0,-1.0,0.0,0.0
-1.0,-1.0,-1.0,-1.0,-1.0,-1.0,-1.0,-1.0,-1.0,-1.0
165.0,422.0,225.0,426.0,195.0,424.0,-1.0,-1.0,0.0,0.0
158.0,405.0,208.0,430.0,183.0,417.0,-1.0,-1.0,0.0,0.0
-1.0,-1.0,-1.0,-1.0,-1.0,-1.0,-1.0,-1.0,-1.0,-1.0
169.0,395.0,216.0,426.0,192.0,410.0,-1.0,-1.0,0.0,0.0
173.0,406.0,223.0,450.0,198.0,428.0,-1.0,-1.0,0.0,0.0
-1.0,-1.0,-1.0,-1.0,-1.0,-1.0,-1.0,-1.0,-1.0,-1.0
181.0,428.0,203.0,454.0,192.0,441.0,-1.0,-1.0,0.0,0.0
188.0,446.0,198.0,432.0,193.0,439.0,-1.0,-1.0,0.0,0.0
-1.0,-1.0,-1.0,-1.0,-1.0,-1.0,-1.0,-1.0,-1.0,-1.0
193.0,446.0,196.0,408.0,194.0,427.0,-1.0,-1.0,0.0,0.0
186.0,429.0,190.0,370.0,188.0,399.0,-1.0,-1.0,0.0,0.0
-1.0,-1.0,-1.0,-1.0,-1.0,-1.0,-1.0,-1.0,-1.0,-1.0
188.0,428.0,205.0,389.0,196.0,408.0,-1.0,-1.0,0.0,0.0
190.0,432.0,221.0,421.0,205.0,426.0,-1.0,-1.0,0.0,0.0
-1.0,-1.0,-1.0,-1.0,-1.0,-1.0,-1.0,-1.0,-1.0,-1.0
192.0,439.0,211.0,411.0,201.0,425.0,-1.0,-1.0,0.0,0.0
205.0,458.0,201.0,407.0,203.0,432.0,-1.0,-1.0,0.0,0.0
202.0,413.0,202.0,413.0,202.0,413.0,1.97,1.97,0.0,0.0
209.0,452.0,205.0,418.0,207.0,435.0,-1.0,-1.0,0.0,0.0
199.0,447.0,200.0,424.0,199.0,435.0,-1.0,-1.0,0.0,0.0
204.0,427.0,204.0,427.0,204.0,427.0,2.02,2.02,0.0,0.0
193.0,435.0,210.0,443.0,201.0,439.0,-1.0,-1.0,0.0,0.0
201.0,429.0,211.0,431.0,206.0,430.0,-1.0,-1.0,0.0,0.0
-1.0,-1.0,-1.0,-1.0,-1.0,-1.0,-1.0,-1.0,-1.0,-1.0
200.0,425.0,198.0,415.0,199.0,420.0,-1.0,-1.0,0.0,0.0
195.0,416.0,197.0,430.0,196.0,423.0,-1.0,-1.0,0.0,0.0
223.0,442.0,223.0,442.0,223.0,442.0,1.93,1.93,0.0,0.0
196.0,427.0,226.0,446.0,211.0,436.0,-1.0,-1.0,0.0,0.0
185.0,423.0,225.0,418.0,205.0,420.0,-1.0,-1.0,0.0,0.0
-1.0,-1.0,-1.0,-1.0,-1.0,-1.0,-1.0,-1.0,-1.0,-1.0
178.0,429.0,229.0,421.0,203.0,425.0,-1.0,-1.0,0.0,0.0
175.0,442.0,232.0,448.0,203.0,445.0,-1.0,-1.0,0.0,0.0
-1.0,-1.0,-1.0,-1.0,-1.0,-1.0,-1.0,-1.0,-1.0,-1.0
137.0,427.0,158.0,430.0,147.0,428.0,-1.0,-1.0,0.0,0.0
121.0,455.0,123.0,391.0,122.0,423.0,-1.0,-1.0,0.0,0.0
-1.0,-1.0,-1.0,-1.0,-1.0,-1.0,-1.0,-1.0,-1.0,-1.0
111.0,437.0,137.0,400.0,124.0,418.0,-1.0,-1.0,0.0,0.0
118.0,414.0,140.0,427.0,129.0,420.0,-1.0,-1.0,0.0,0.0
140.0,427.0,140.0,427.0,140.0,427.0,2.28,2.28,0.0,0.0
125.0,423.0,138.0,422.0,131.0,422.0,-1.0,-1.0,0.0,0.0
111.0,415.0,142.0,426.0,126.0,420.0,-1.0,-1.0,0.0,0.0
140.0,428.0,140.0,428.0,140.0,428.0,1.96,1.96,0.0,0.0
108.0,404.0,147.0,435.0,127.0,419.0,-1.0,-1.0,0.0,0.0
108.0,403.0,150.0,434.0,129.0,418.0,-1.0,-1.0,0.0,0.0
-1.0,-1.0,-1.0,-1.0,-1.0,-1.0,-1.0,-1.0,-1.0,-1.0
116.0,402.0,141.0,394.0,128.0,398.0,-1.0,-1.0,0.0,0.0
122.0,416.0,138.0,396.0,130.0,406.0,-1.0,-1.0,0.0,0.0
139.0,393.0,139.0,393.0,139.0,393.0,2.07,2.07,0.0,0.0
119.0,419.0,140.0,407.0,129.0,413.0,-1.0,-1.0,0.0,0.0
122.0,406.0,149.0,434.0,135.0,420.0,-1.0,-1.0,0.0,0.0
-1.0,-1.0,-1.0,-1.0,-1.0,-1.0,-1.0,-1.0,-1.0,-1.0
131.0,413.0,162.0,417.0,146.0,415.0,-1.0,-1.0,0.0,0.0
194.0,432.0,162.0,417.0,178.0,424.0,-1.0,-1.0,0.0,0.0
259.0,420.0,259.0,420.0,259.0,420.0,2.12,2.12,0.0,0.0
301.0,422.0,346.0,439.0,323.0,430.0,-1.0,-1.0,0.0,0.0
356.0,419.0,358.0,433.0,357.0,426.0,-1.0,-1.0,0.0,0.0
346.0,434.0,346.0,434.0,346.0,434.0,2.08,2.08,0.0,0.0
374.0,405.0,364.0,423.0,369.0,414.0,-1.0,-1.0,0.0,0.0
375.0,404.0,356.0,427.0,365.0,415.0,-1.0,-1.0,0.0,0.0
-1.0,-1.0,-1.0,-1.0,-1.0,-1.0,-1.0,-1.0,-1.0,-1.0
382.0,401.0,348.0,426.0,365.0,413.0,-1.0,-1.0,0.0,0.0
383.0,406.0,354.0,429.0,368.0,417.0,-1.0,-1.0,0.0,0.0
351.0,434.0,351.0,434.0,351.0,434.0,2.04,2.04,0.0,0.0
376.0,407.0,360.0,440.0,368.0,423.0,-1.0,-1.0,0.0,0.0
373.0,411.0,368.0,437.0,370.0,424.0,-1.0,-1.0,0.0,0.0
-1.0,-1.0,-1.0,-1.0,-1.0,-1.0,-1.0,-1.0,-1.0,-1.0
365.0,409.0,353.0,433.0,359.0,421.0,-1.0,-1.0,0.0,0.0
358.0,414.0,351.0,428.0,354.0,421.0,-1.0,-1.0,0.0,0.0
346.0,413.0,346.0,413.0,346.0,413.0,2.06,2.06,0.0,0.0
357.0,419.0,366.0,418.0,361.0,418.0,-1.0,-1.0,0.0,0.0
361.0,444.0,349.0,423.0,355.0,433.0,-1.0,-1.0,0.0,0.0
336.0,469.0,336.0,469.0,336.0,469.0,2.23,2.23,0.0,0.0
364.0,435.0,360.0,440.0,362.0,437.0,-1.0,-1.0,0.0,0.0
367.0,407.0,335.0,476.0,351.0,441.0,-1.0,-1.0,0.0,0.0
348.0,432.0,348.0,432.0,348.0,432.0,1.96,1.96,0.0,0.0
367.0,418.0,352.0,429.0,359.0,423.0,-1.0,-1.0,0.0,0.0
366.0,436.0,353.0,425.0,359.0,430.0,-1.0,-1.0,0.0,0.0
347.0,440.0,347.0,440.0,347.0,440.0,1.95,1.95,0.0,0.0
369.0,430.0,363.0,448.0,366.0,439.0,-1.0,-1.0,0.0,0.0
366.0,435.0,347.0,451.0,356.0,443.0,-1.0,-1.0,0.0,0.0
359.0,453.0,359.0,453.0,359.0,453.0,2.04,2.04,0.0,0.0
367.0,430.0,363.0,447.0,365.0,438.0,-1.0,-1.0,0.0,0.0
373.0,440.0,362.0,448.0,367.0,444.0,-1.0,-1.0,0.0,0.0
365.0,444.0,365.0,444.0,365.0,444.0,2.75,2.75,0.0,0.0
389.0,443.0,369.0,455.0,379.0,449.0,-1.0,-1.0,0.0,0.0
387.0,448.0,374.0,435.0,380.0,441.0,-1.0,-1.0,0.0,0.0
374.0,435.0,374.0,435.0,374.0,435.0,2.49,2.49,0.0,0.0
379.0,441.0,380.0,433.0,379.0,437.0,-1.0,-1.0,0.0,0.0
372.0,431.0,376.0,448.0,374.0,439.0,-1.0,-1.0,0.0,0.0
358.0,458.0,358.0,458.0,358.0,458.0,2.12,2.12,0.0,0.0
363.0,433.0,358.0,458.0,360.0,445.0,-1.0,-1.0,0.0,0.0
371.0,433.0,371.0,433.0,371.0,433.0,-1.0,-1.0,0.0,0.0
-1.0,-1.0,-1.0,-1.0,-1.0,-1.0,-1.0,-1.0,-1.0,-1.0
375.0,428.0,358.0,458.0,366.0,443.0,-1.0,-1.0,0.0,0.0
378.0,429.0,380.0,448.0,379.0,438.0,-1.0,-1.0,0.0,0.0
-1.0,-1.0,-1.0,-1.0,-1.0,-1.0,-1.0,-1.0,-1.0,-1.0
382.0,438.0,386.0,457.0,384.0,447.0,-1.0,-1.0,0.0,0.0
375.0,438.0,354.0,459.0,364.0,448.0,-1.0,-1.0,0.0,0.0
368.0,463.0,368.0,463.0,368.0,463.0,1.86,1.86,0.0,0.0
369.0,436.0,360.0,453.0,364.0,444.0,-1.0,-1.0,0.0,0.0
373.0,432.0,369.0,446.0,371.0,439.0,-1.0,-1.0,0.0,0.0
369.0,446.0,369.0,446.0,369.0,446.0,2.43,2.43,0.0,0.0
381.0,428.0,375.0,449.0,378.0,438.0,-1.0,-1.0,0.0,0.0
380.0,442.0,369.0,450.0,374.0,446.0,-1.0,-1.0,0.0,0.0
370.0,450.0,370.0,450.0,370.0,450.0,2.13,2.13,0.0,0.0
385.0,449.0,373.0,449.0,379.0,449.0,-1.0,-1.0,0.0,0.0
388.0,437.0,389.0,448.0,388.0,442.0,-1.0,-1.0,0.0,0.0
389.0,448.0,389.0,448.0,389.0,448.0,2.0,2.0,0.0,0.0
383.0,439.0,386.0,449.0,384.0,444.0,-1.0,-1.0,0.0,0.0
384.0,456.0,382.0,423.0,383.0,439.0,-1.0,-1.0,0.0,0.0
382.0,422.0,382.0,422.0,382.0,422.0,1.93,1.93,0.0,0.0
372.0,440.0,389.0,424.0,380.0,432.0,-1.0,-1.0,0.0,0.0
376.0,435.0,397.0,436.0,386.0,435.0,-1.0,-1.0,0.0,0.0
-1.0,-1.0,-1.0,-1.0,-1.0,-1.0,-1.0,-1.0,-1.0,-1.0
385.0,449.0,380.0,425.0,382.0,437.0,-1.0,-1.0,0.0,0.0
379.0,436.0,373.0,428.0,376.0,432.0,-1.0,-1.0,0.0,0.0
376.0,427.0,376.0,427.0,376.0,427.0,2.15,2.15,0.0,0.0
375.0,420.0,372.0,451.0,373.0,435.0,-1.0,-1.0,0.0,0.0
373.0,423.0,369.0,466.0,371.0,444.0,-1.0,-1.0,0.0,0.0
-1.0,-1.0,-1.0,-1.0,-1.0,-1.0,-1.0,-1.0,-1.0,-1.0
380.0,438.0,373.0,464.0,376.0,451.0,-1.0,-1.0,0.0,0.0
386.0,452.0,380.0,442.0,383.0,447.0,-1.0,-1.0,0.0,0.0
380.0,442.0,380.0,442.0,380.0,442.0,2.13,2.13,0.0,0.0
389.0,454.0,388.0,433.0,388.0,443.0,-1.0,-1.0,0.0,0.0
383.0,455.0,375.0,452.0,379.0,453.0,-1.0,-1.0,0.0,0.0
379.0,444.0,379.0,444.0,379.0,444.0,1.86,1.86,0.0,0.0
423.0,460.0,417.0,446.0,420.0,453.0,-1.0,-1.0,0.0,0.0
498.0,460.0,498.0,460.0,498.0,460.0,-1.0,-1.0,0.0,0.0
465.0,470.0,465.0,470.0,465.0,470.0,2.09,2.09,0.0,0.0
551.0,449.0,482.0,475.0,516.0,462.0,-1.0,-1.0,0.0,0.0
573.0,444.0,559.0,443.0,566.0,443.0,-1.0,-1.0,0.0,0.0
559.0,443.0,559.0,443.0,559.0,443.0,2.7,2.7,0.0,0.0
558.0,430.0,574.0,449.0,566.0,439.0,-1.0,-1.0,0.0,0.0
558.0,429.0,560.0,461.0,559.0,445.0,-1.0,-1.0,0.0,0.0
-1.0,-1.0,-1.0,-1.0,-1.0,-1.0,-1.0,-1.0,-1.0,-1.0
556.0,444.0,567.0,459.0,561.0,451.0,-1.0,-1.0,0.0,0.0
565.0,446.0,565.0,446.0,565.0,446.0,-1.0,-1.0,0.0,0.0
-1.0,-1.0,-1.0,-1.0,-1.0,-1.0,-1.0,-1.0,-1.0,-1.0
-1.0,-1.0,-1.0,-1.0,-1.0,-1.0,-1.0,-1.0,-1.0,-1.0
548.0,462.0,548.0,462.0,548.0,462.0,-1.0,-1.0,0.0,0.0
-1.0,-1.0,-1.0,-1.0,-1.0,-1.0,-1.0,-1.0,-1.0,-1.0
-1.0,-1.0,-1.0,-1.0,-1.0,-1.0,-1.0,-1.0,-1.0,-1.0
602.0,398.0,602.0,398.0,602.0,398.0,-1.0,-1.0,0.0,0.0
-1.0,-1.0,-1.0,-1.0,-1.0,-1.0,-1.0,-1.0,-1.0,-1.0
573.0,434.0,537.0,448.0,555.0,441.0,-1.0,-1.0,0.0,0.0
571.0,424.0,571.0,424.0,571.0,424.0,-1.0,-1.0,0.0,0.0
-1.0,-1.0,-1.0,-1.0,-1.0,-1.0,-1.0,-1.0,-1.0,-1.0
576.0,421.0,554.0,421.0,565.0,421.0,-1.0,-1.0,0.0,0.0
567.0,436.0,557.0,439.0,562.0,437.0,-1.0,-1.0,0.0,0.0
-1.0,-1.0,-1.0,-1.0,-1.0,-1.0,-1.0,-1.0,-1.0,-1.0
563.0,448.0,558.0,452.0,560.0,450.0,-1.0,-1.0,0.0,0.0
559.0,444.0,553.0,446.0,556.0,445.0,-1.0,-1.0,0.0,0.0
-1.0,-1.0,-1.0,-1.0,-1.0,-1.0,-1.0,-1.0,-1.0,-1.0
568.0,423.0,553.0,453.0,560.0,438.0,-1.0,-1.0,0.0,0.0
567.0,438.0,569.0,459.0,568.0,448.0,-1.0,-1.0,0.0,0.0
-1.0,-1.0,-1.0,-1.0,-1.0,-1.0,-1.0,-1.0,-1.0,-1.0
565.0,444.0,562.0,447.0,563.0,445.0,-1.0,-1.0,0.0,0.0
570.0,434.0,547.0,433.0,558.0,433.0,-1.0,-1.0,0.0,0.0
547.0,433.0,547.0,433.0,547.0,433.0,2.96,2.96,0.0,0.0
567.0,395.0,545.0,436.0,556.0,415.0,-1.0,-1.0,0.0,0.0
557.0,405.0,540.0,416.0,548.0,410.0,-1.0,-1.0,0.0,0.0
540.0,417.0,540.0,417.0,540.0,417.0,2.8,2.8,0.0,0.0
557.0,431.0,540.0,414.0,548.0,422.0,-1.0,-1.0,0.0,0.0
559.0,425.0,559.0,425.0,559.0,425.0,-1.0,-1.0,0.0,0.0
541.0,415.0,541.0,415.0,541.0,415.0,2.9,2.9,0.0,0.0
550.0,415.0,566.0,550.0,558.0,482.0,-1.0,-1.0,0.0,0.0
544.0,396.0,557.0,451.0,550.0,423.0,-1.0,-1.0,0.0,0.0
-1.0,-1.0,-1.0,-1.0,-1.0,-1.0,-1.0,-1.0,-1.0,-1.0
563.0,403.0,556.0,448.0,559.0,425.0,-1.0,-1.0,0.0,0.0
571.0,413.0,556.0,453.0,563.0,433.0,-1.0,-1.0,0.0,0.0
-1.0,-1.0,-1.0,-1.0,-1.0,-1.0,-1.0,-1.0,-1.0,-1.0
555.0,405.0,538.0,453.0,546.0,429.0,-1.0,-1.0,0.0,0.0
563.0,394.0,541.0,448.0,552.0,421.0,-1.0,-1.0,0.0,0.0
541.0,448.0,541.0,448.0,541.0,448.0,2.7,2.7,0.0,0.0
578.0,410.0,560.0,437.0,569.0,423.0,-1.0,-1.0,0.0,0.0
569.0,438.0,569.0,438.0,569.0,438.0,-1.0,-1.0,0.0,0.0
563.0,443.0,563.0,443.0,563.0,443.0,1.89,1.89,0.0,0.0
545.0,435.0,566.0,457.0,555.0,446.0,-1.0,-1.0,0.0,0.0
555.0,424.0,566.0,457.0,560.0,440.0,-1.0,-1.0,0.0,0.0
-1.0,-1.0,-1.0,-1.0,-1.0,-1.0,-1.0,-1.0,-1.0,-1.0
554.0,407.0,582.0,426.0,568.0,416.0,-1.0,-1.0,0.0,0.0
546.0,409.0,558.0,446.0,552.0,427.0,-1.0,-1.0,0.0,0.0
547.0,409.0,547.0,409.0,547.0,409.0,2.71,2.71,0.0,0.0
538.0,411.0,559.0,438.0,548.0,424.0,-1.0,-1.0,0.0,0.0
523.0,408.0,561.0,441.0,542.0,424.0,-1.0,-1.0,0.0,0.0
556.0,454.0,556.0,454.0,556.0,454.0,1.86,1.86,0.0,0.0
533.0,417.0,562.0,469.0,547.0,443.0,-1.0,-1.0,0.0,0.0
537.0,436.0,565.0,453.0,551.0,444.0,-1.0,-1.0,0.0,0.0
-1.0,-1.0,-1.0,-1.0,-1.0,-1.0,-1.0,-1.0,-1.0,-1.0
559.0,432.0,552.0,437.0,555.0,434.0,-1.0,-1.0,0.0,0.0
555.0,414.0,559.0,436.0,557.0,425.0,-1.0,-1.0,0.0,0.0
562.0,436.0,562.0,436.0,562.0,436.0,2.03,2.03,0.0,0.0
565.0,420.0,565.0,447.0,565.0,433.0,-1.0,-1.0,0.0,0.0
568.0,413.0,565.0,442.0,566.0,427.0,-1.0,-1.0,0.0,0.0
572.0,410.0,572.0,410.0,572.0,410.0,1.7,1.7,0.0,0.0
559.0,409.0,564.0,430.0,561.0,419.0,-1.0,-1.0,0.0,0.0
569.0,438.0,554.0,448.0,561.0,443.0,-1.0,-1.0,0.0,0.0
554.0,448.0,554.0,448.0,554.0,448.0,2.71,2.71,0.0,0.0
565.0,436.0,554.0,445.0,559.0,440.0,-1.0,-1.0,0.0,0.0
564.0,414.0,564.0,414.0,564.0,414.0,-1.0,-1.0,0.0,0.0
-1.0,-1.0,-1.0,-1.0,-1.0,-1.0,-1.0,-1.0,-1.0,-1.0
547.0,419.0,552.0,439.0,549.0,429.0,-1.0,-1.0,0.0,0.0
545.0,425.0,545.0,425.0,545.0,425.0,-1.0,-1.0,0.0,0.0
-1.0,-1.0,-1.0,-1.0,-1.0,-1.0,-1.0,-1.0,-1.0,-1.0
588.0,448.0,588.0,448.0,588.0,448.0,-1.0,-1.0,0.0,0.0
617.0,429.0,617.0,429.0,617.0,429.0,-1.0,-1.0,0.0,0.0
617.0,429.0,617.0,429.0,617.0,429.0,3.24,3.24,0.0,0.0
596.0,390.0,596.0,390.0,596.0,390.0,-1.0,-1.0,0.0,0.0
564.0,424.0,564.0,424.0,564.0,424.0,-1.0,-1.0,0.0,0.0
-1.0,-1.0,-1.0,-1.0,-1.0,-1.0,-1.0,-1.0,-1.0,-1.0
553.0,420.0,553.0,420.0,553.0,420.0,-1.0,-1.0,0.0,0.0
562.0,385.0,541.0,467.0,551.0,426.0,-1.0,-1.0,0.0,0.0
-1.0,-1.0,-1.0,-1.0,-1.0,-1.0,-1.0,-1.0,-1.0,-1.0
591.0,387.0,591.0,387.0,591.0,387.0,-1.0,-1.0,0.0,0.0
659.0,386.0,700.0,427.0,679.0,406.0,-1.0,-1.0,0.0,0.0
-1.0,-1.0,-1.0,-1.0,-1.0,-1.0,-1.0,-1.0,-1.0,-1.0
673.0,380.0,673.0,380.0,673.0,380.0,-1.0,-1.0,0.0,0.0
673.0,391.0,698.0,426.0,685.0,408.0,-1.0,-1.0,0.0,0.0
-1.0,-1.0,-1.0,-1.0,-1.0,-1.0,-1.0,-1.0,-1.0,-1.0
690.0,404.0,695.0,438.0,692.0,421.0,-1.0,-1.0,0.0,0.0
695.0,425.0,696.0,453.0,695.0,439.0,-1.0,-1.0,0.0,0.0
-1.0,-1.0,-1.0,-1.0,-1.0,-1.0,-1.0,-1.0,-1.0,-1.0
695.0,422.0,676.0,429.0,685.0,425.0,-1.0,-1.0,0.0,0.0
694.0,420.0,684.0,404.0,689.0,412.0,-1.0,-1.0,0.0,0.0
-1.0,-1.0,-1.0,-1.0,-1.0,-1.0,-1.0,-1.0,-1.0,-1.0
685.0,418.0,688.0,428.0,686.0,423.0,-1.0,-1.0,0.0,0.0
679.0,422.0,679.0,447.0,679.0,434.0,-1.0,-1.0,0.0,0.0
-1.0,-1.0,-1.0,-1.0,-1.0,-1.0,-1.0,-1.0,-1.0,-1.0
676.0,414.0,680.0,430.0,678.0,422.0,-1.0,-1.0,0.0,0.0
670.0,400.0,670.0,400.0,670.0,400.0,-1.0,-1.0,0.0,0.0
-1.0,-1.0,-1.0,-1.0,-1.0,-1.0,-1.0,-1.0,-1.0,-1.0
692.0,433.0,692.0,460.0,692.0,446.0,-1.0,-1.0,0.0,0.0
697.0,430.0,697.0,430.0,697.0,430.0,-1.0,-1.0,0.0,0.0
-1.0,-1.0,-1.0,-1.0,-1.0,-1.0,-1.0,-1.0,-1.0,-1.0
672.0,427.0,672.0,427.0,672.0,427.0,-1.0,-1.0,0.0,0.0
693.0,439.0,680.0,448.0,686.0,443.0,-1.0,-1.0,0.0,0.0
-1.0,-1.0,-1.0,-1.0,-1.0,-1.0,-1.0,-1.0,-1.0,-1.0
684.0,418.0,688.0,448.0,686.0,433.0,-1.0,-1.0,0.0,0.0
686.0,416.0,695.0,425.0,690.0,420.0,-1.0,-1.0,0.0,0.0
-1.0,-1.0,-1.0,-1.0,-1.0,-1.0,-1.0,-1.0,-1.0,-1.0
677.0,419.0,676.0,404.0,676.0,411.0,-1.0,-1.0,0.0,0.0
680.0,431.0,680.0,431.0,680.0,431.0,-1.0,-1.0,0.0,0.0
694.0,461.0,694.0,461.0,694.0,461.0,2.24,2.24,0.0,0.0
691.0,440.0,699.0,429.0,695.0,434.0,-1.0,-1.0,0.0,0.0
690.0,428.0,686.0,447.0,688.0,437.0,-1.0,-1.0,0.0,0.0
-1.0,-1.0,-1.0,-1.0,-1.0,-1.0,-1.0,-1.0,-1.0,-1.0
703.0,429.0,664.0,446.0,683.0,437.0,-1.0,-1.0,0.0,0.0
754.0,424.0,754.0,424.0,754.0,424.0,-1.0,-1.0,0.0,0.0
-1.0,-1.0,-1.0,-1.0,-1.0,-1.0,-1.0,-1.0,-1.0,-1.0
-1.0,-1.0,-1.0,-1.0,-1.0,-1.0,-1.0,-1.0,-1.0,-1.0
-1.0,-1.0,-1.0,-1.0,-1.0,-1.0,-1.0,-1.0,-1.0,-1.0
-1.0,-1.0,-1.0,-1.0,-1.0,-1.0,-1.0,-1.0,-1.0,-1.0
505.0,884.0,505.0,884.0,505.0,884.0,-1.0,-1.0,0.0,0.0
-1.0,-1.0,-1.0,-1.0,-1.0,-1.0,-1.0,-1.0,-1.0,-1.0
-1.0,-1.0,-1.0,-1.0,-1.0,-1.0,-1.0,-1.0,-1.0,-1.0
-1.0,-1.0,-1.0,-1.0,-1.0,-1.0,-1.0,-1.0,-1.0,-1.0
903.0,502.0,853.0,517.0,878.0,509.0,-1.0,-1.0,0.0,0.0
-1.0,-1.0,-1.0,-1.0,-1.0,-1.0,-1.0,-1.0,-1.0,-1.0
847.0,497.0,847.0,497.0,847.0,497.0,-1.0,-1.0,0.0,0.0
836.0,464.0,836.0,464.0,836.0,464.0,-1.0,-1.0,0.0,0.0
-1.0,-1.0,-1.0,-1.0,-1.0,-1.0,-1.0,-1.0,-1.0,-1.0
854.0,482.0,854.0,482.0,854.0,482.0,-1.0,-1.0,0.0,0.0
849.0,497.0,849.0,497.0,849.0,497.0,-1.0,-1.0,0.0,0.0
-1.0,-1.0,-1.0,-1.0,-1.0,-1.0,-1.0,-1.0,-1.0,-1.0
828.0,468.0,812.0,435.0,820.0,451.0,-1.0,-1.0,0.0,0.0
831.0,472.0,847.0,458.0,839.0,465.0,-1.0,-1.0,0.0,0.0
847.0,458.0,847.0,458.0,847.0,458.0,2.67,2.67,0.0,0.0
848.0,458.0,848.0,458.0,848.0,458.0,-1.0,-1.0,0.0,0.0
835.0,463.0,835.0,463.0,835.0,463.0,-1.0,-1.0,0.0,0.0
-1.0,-1.0,-1.0,-1.0,-1.0,-1.0,-1.0,-1.0,-1.0,-1.0
851.0,478.0,845.0,458.0,848.0,468.0,-1.0,-1.0,0.0,0.0
838.0,478.0,837.0,483.0,837.0,480.0,-1.0,-1.0,0.0,0.0
-1.0,-1.0,-1.0,-1.0,-1.0,-1.0,-1.0,-1.0,-1.0,-1.0
836.0,483.0,842.0,487.0,839.0,485.0,-1.0,-1.0,0.0,0.0
832.0,488.0,873.0,495.0,852.0,491.0,-1.0,-1.0,0.0,0.0
873.0,495.0,873.0,495.0,873.0,495.0,2.69,2.69,0.0,0.0
871.0,499.0,871.0,499.0,871.0,499.0,-1.0,-1.0,0.0,0.0
823.0,480.0,835.0,449.0,829.0,464.0,-1.0,-1.0,0.0,0.0
823.0,480.0,835.0,449.0,829.0,464.0,2.62,2.62,0.0,0.0
837.0,452.0,837.0,452.0,837.0,452.0,-1.0,-1.0,0.0,0.0
843.0,416.0,804.0,476.0,823.0,446.0,-1.0,-1.0,0.0,0.0
-1.0,-1.0,-1.0,-1.0,-1.0,-1.0,-1.0,-1.0,-1.0,-1.0
826.0,435.0,784.0,458.0,805.0,446.0,-1.0,-1.0,0.0,0.0
815.0,428.0,815.0,428.0,815.0,428.0,-1.0,-1.0,0.0,0.0
784.0,458.0,784.0,458.0,784.0,458.0,2.84,2.84,0.0,0.0
802.0,412.0,794.0,458.0,798.0,435.0,-1.0,-1.0,0.0,0.0
795.0,418.0,804.0,448.0,799.0,433.0,-1.0,-1.0,0.0,0.0
804.0,448.0,804.0,448.0,804.0,448.0,2.68,2.68,0.0,0.0
791.0,434.0,793.0,436.0,792.0,435.0,-1.0,-1.0,0.0,0.0
793.0,451.0,790.0,442.0,791.0,446.0,-1.0,-1.0,0.0,0.0
790.0,442.0,790.0,442.0,790.0,442.0,2.75,2.75,0.0,0.0
799.0,444.0,815.0,473.0,807.0,458.0,-1.0,-1.0,0.0,0.0
812.0,442.0,810.0,482.0,811.0,462.0,-1.0,-1.0,0.0,0.0
-1.0,-1.0,-1.0,-1.0,-1.0,-1.0,-1.0,-1.0,-1.0,-1.0
805.0,441.0,801.0,462.0,803.0,451.0,-1.0,-1.0,0.0,0.0
801.0,439.0,798.0,448.0,799.0,443.0,-1.0,-1.0,0.0,0.0
798.0,448.0,798.0,448.0,798.0,448.0,2.96,2.96,0.0,0.0
810.0,432.0,798.0,449.0,804.0,440.0,-1.0,-1.0,0.0,0.0
803.0,412.0,816.0,443.0,809.0,427.0,-1.0,-1.0,0.0,0.0
-1.0,-1.0,-1.0,-1.0,-1.0,-1.0,-1.0,-1.0,-1.0,-1.0
807.0,433.0,816.0,416.0,811.0,424.0,-1.0,-1.0,0.0,0.0
808.0,433.0,807.0,446.0,807.0,439.0,-1.0,-1.0,0.0,0.0
-1.0,-1.0,-1.0,-1.0,-1.0,-1.0,-1.0,-1.0,-1.0,-1.0
788.0,383.0,804.0,450.0,796.0,416.0,-1.0,-1.0,0.0,0.0
792.0,414.0,824.0,405.0,808.0,409.0,-1.0,-1.0,0.0,0.0
-1.0,-1.0,-1.0,-1.0,-1.0,-1.0,-1.0,-1.0,-1.0,-1.0
810.0,443.0,833.0,434.0,821.0,438.0,-1.0,-1.0,0.0,0.0
807.0,438.0,806.0,461.0,806.0,449.0,-1.0,-1.0,0.0,0.0
807.0,438.0,807.0,438.0,807.0,438.0,4.14,4.14,0.0,0.0
804.0,432.0,789.0,446.0,796.0,439.0,-1.0,-1.0,0.0,0.0
794.0,413.0,813.0,426.0,803.0,419.0,-1.0,-1.0,0.0,0.0
-1.0,-1.0,-1.0,-1.0,-1.0,-1.0,-1.0,-1.0,-1.0,-1.0
820.0,418.0,834.0,437.0,827.0,427.0,-1.0,-1.0,0.0,0.0
884.0,433.0,892.0,443.0,888.0,438.0,-1.0,-1.0,0.0,0.0
-1.0,-1.0,-1.0,-1.0,-1.0,-1.0,-1.0,-1.0,-1.0,-1.0
926.0,425.0,977.0,424.0,951.0,424.0,-1.0,-1.0,0.0,0.0
967.0,435.0,989.0,418.0,978.0,426.0,-1.0,-1.0,0.0,0.0
-1.0,-1.0,-1.0,-1.0,-1.0,-1.0,-1.0,-1.0,-1.0,-1.0
977.0,447.0,1003.0,433.0,990.0,440.0,-1.0,-1.0,0.0,0.0
974.0,460.0,1007.0,431.0,990.0,445.0,-1.0,-1.0,0.0,0.0
-1.0,-1.0,-1.0,-1.0,-1.0,-1.0,-1.0,-1.0,-1.0,-1.0
977.0,451.0,999.0,420.0,988.0,435.0,-1.0,-1.0,0.0,0.0
1002.0,444.0,991.0,428.0,996.0,436.0,-1.0,-1.0,0.0,0.0
-1.0,-1.0,-1.0,-1.0,-1.0,-1.0,-1.0,-1.0,-1.0,-1.0
937.0,403.0,1000.0,444.0,968.0,423.0,-1.0,-1.0,0.0,0.0
924.0,376.0,992.0,438.0,958.0,407.0,-1.0,-1.0,0.0,0.0
-1.0,-1.0,-1.0,-1.0,-1.0,-1.0,-1.0,-1.0,-1.0,-1.0
985.0,409.0,990.0,442.0,987.0,425.0,-1.0,-1.0,0.0,0.0
991.0,424.0,989.0,450.0,990.0,437.0,-1.0,-1.0,0.0,0.0
-1.0,-1.0,-1.0,-1.0,-1.0,-1.0,-1.0,-1.0,-1.0,-1.0
990.0,435.0,992.0,428.0,991.0,431.0,-1.0,-1.0,0.0,0.0
1006.0,441.0,1018.0,414.0,1012.0,427.0,-1.0,-1.0,0.0,0.0
1006.0,441.0,1006.0,441.0,1006.0,441.0,3.34,3.34,0.0,0.0
1007.0,420.0,1007.0,420.0,1007.0,420.0,-1.0,-1.0,0.0,0.0
984.0,442.0,971.0,437.0,977.0,439.0,-1.0,-1.0,0.0,0.0
-1.0,-1.0,-1.0,-1.0,-1.0,-1.0,-1.0,-1.0,-1.0,-1.0
978.0,450.0,978.0,450.0,978.0,450.0,-1.0,-1.0,0.0,0.0
993.0,434.0,1002.0,451.0,997.0,442.0,-1.0,-1.0,0.0,0.0
-1.0,-1.0,-1.0,-1.0,-1.0,-1.0,-1.0,-1.0,-1.0,-1.0
975.0,427.0,995.0,454.0,985.0,440.0,-1.0,-1.0,0.0,0.0
973.0,428.0,962.0,454.0,967.0,441.0,-1.0,-1.0,0.0,0.0
-1.0,-1.0,-1.0,-1.0,-1.0,-1.0,-1.0,-1.0,-1.0,-1.0
962.0,423.0,992.0,464.0,977.0,443.0,-1.0,-1.0,0.0,0.0
971.0,418.0,989.0,465.0,980.0,441.0,-1.0,-1.0,0.0,0.0
-1.0,-1.0,-1.0,-1.0,-1.0,-1.0,-1.0,-1.0,-1.0,-1.0
984.0,429.0,972.0,456.0,978.0,442.0,-1.0,-1.0,0.0,0.0
983.0,425.0,981.0,454.0,982.0,439.0,-1.0,-1.0,0.0,0.0
984.0,425.0,984.0,425.0,984.0,425.0,3.7,3.7,0.0,0.0
978.0,419.0,981.0,446.0,979.0,432.0,-1.0,-1.0,0.0,0.0
992.0,408.0,1001.0,450.0,996.0,429.0,-1.0,-1.0,0.0,0.0
-1.0,-1.0,-1.0,-1.0,-1.0,-1.0,-1.0,-1.0,-1.0,-1.0
1006.0,393.0,1063.0,449.0,1034.0,421.0,-1.0,-1.0,0.0,0.0
1034.0,384.0,1080.0,428.0,1057.0,406.0,-1.0,-1.0,0.0,0.0
-1.0,-1.0,-1.0,-1.0,-1.0,-1.0,-1.0,-1.0,-1.0,-1.0
1067.0,439.0,1067.0,439.0,1067.0,439.0,-1.0,-1.0,0.0,0.0
1030.0,395.0,1067.0,433.0,1048.0,414.0,-1.0,-1.0,0.0,0.0
-1.0,-1.0,-1.0,-1.0,-1.0,-1.0,-1.0,-1.0,-1.0,-1.0
1033.0,398.0,1075.0,430.0,1054.0,414.0,-1.0,-1.0,0.0,0.0
1036.0,382.0,1082.0,442.0,1059.0,412.0,-1.0,-1.0,0.0,0.0
-1.0,-1.0,-1.0,-1.0,-1.0,-1.0,-1.0,-1.0,-1.0,-1.0
1065.0,433.0,1065.0,433.0,1065.0,433.0,-1.0,-1.0,0.0,0.0
1029.0,405.0,1060.0,430.0,1044.0,417.0,-1.0,-1.0,0.0,0.0
1029.0,405.0,1060.0,430.0,1044.0,417.0,3.39,2.5,0.0,0.0
1058.0,430.0,1077.0,436.0,1067.0,433.0,-1.0,-1.0,0.0,0.0
1060.0,402.0,1077.0,438.0,1068.0,420.0,-1.0,-1.0,0.0,0.0
-1.0,-1.0,-1.0,-1.0,-1.0,-1.0,-1.0,-1.0,-1.0,-1.0
1014.0,368.0,1073.0,443.0,1043.0,405.0,-1.0,-1.0,0.0,0.0
1030.0,359.0,1074.0,445.0,1052.0,402.0,-1.0,-1.0,0.0,0.0
-1.0,-1.0,-1.0,-1.0,-1.0,-1.0,-1.0,-1.0,-1.0,-1.0
1037.0,365.0,1079.0,466.0,1058.0,415.0,-1.0,-1.0,0.0,0.0
1023.0,386.0,1070.0,470.0,1046.0,428.0,-1.0,-1.0,0.0,0.0
-1.0,-1.0,-1.0,-1.0,-1.0,-1.0,-1.0,-1.0,-1.0,-1.0
1060.0,428.0,1058.0,445.0,1059.0,436.0,-1.0,-1.0,0.0,0.0
1061.0,440.0,1070.0,441.0,1065.0,440.0,-1.0,-1.0,0.0,0.0
1070.0,441.0,1070.0,441.0,1070.0,441.0,3.21,3.21,0.0,0.0
1062.0,431.0,1075.0,457.0,1068.0,444.0,-1.0,-1.0,0.0,0.0
1060.0,431.0,1079.0,445.0,1069.0,438.0,-1.0,-1.0,0.0,0.0
-1.0,-1.0,-1.0,-1.0,-1.0,-1.0,-1.0,-1.0,-1.0,-1.0
1040.0,413.0,1081.0,426.0,1060.0,419.0,-1.0,-1.0,0.0,0.0
1022.0,401.0,1076.0,443.0,1049.0,422.0,-1.0,-1.0,0.0,0.0
1076.0,442.0,1076.0,442.0,1076.0,442.0,2.56,2.56,0.0,0.0
1045.0,418.0,1081.0,461.0,1063.0,439.0,-1.0,-1.0,0.0,0.0
1100.0,406.0,1089.0,469.0,1094.0,437.0,-1.0,-1.0,0.0,0.0
1100.0,406.0,1090.0,469.0,1095.0,437.0,3.09,2.18,0.0,0.0
1095.0,407.0,1087.0,464.0,1091.0,435.0,-1.0,-1.0,0.0,0.0
1063.0,411.0,1062.0,447.0,1062.0,429.0,-1.0,-1.0,0.0,0.0
1062.0,447.0,1062.0,447.0,1062.0,447.0,2.76,2.76,0.0,0.0
1066.0,412.0,1057.0,442.0,1061.0,427.0,-1.0,-1.0,0.0,0.0
1054.0,422.0,1074.0,450.0,1064.0,436.0,-1.0,-1.0,0.0,0.0
1054.0,422.0,1054.0,422.0,1054.0,422.0,3.23,3.23,0.0,0.0
1054.0,415.0,1068.0,439.0,1061.0,427.0,-1.0,-1.0,0.0,0.0
1065.0,415.0,1057.0,452.0,1061.0,433.0,-1.0,-1.0,0.0,0.0
1057.0,451.0,1057.0,451.0,1057.0,451.0,2.77,2.77,0.0,0.0
1043.0,411.0,1071.0,470.0,1057.0,440.0,-1.0,-1.0,0.0,0.0
1047.0,417.0,1091.0,451.0,1069.0,434.0,-1.0,-1.0,0.0,0.0
-1.0,-1.0,-1.0,-1.0,-1.0,-1.0,-1.0,-1.0,-1.0,-1.0
1037.0,415.0,1090.0,434.0,1063.0,424.0,-1.0,-1.0,0.0,0.0
1051.0,419.0,1078.0,446.0,1064.0,432.0,-1.0,-1.0,0.0,0.0
-1.0,-1.0,-1.0,-1.0,-1.0,-1.0,-1.0,-1.0,-1.0,-1.0
1096.0,412.0,1108.0,455.0,1102.0,433.0,-1.0,-1.0,0.0,0.0
1151.0,417.0,1179.0,454.0,1165.0,435.0,-1.0,-1.0,0.0,0.0
-1.0,-1.0,-1.0,-1.0,-1.0,-1.0,-1.0,-1.0,-1.0,-1.0
1182.0,430.0,1196.0,460.0,1189.0,445.0,-1.0,-1.0,0.0,0.0
1183.0,430.0,1204.0,451.0,1193.0,440.0,-1.0,-1.0,0.0,0.0
-1.0,-1.0,-1.0,-1.0,-1.0,-1.0,-1.0,-1.0,-1.0,-1.0
1169.0,414.0,1199.0,429.0,1184.0,421.0,-1.0,-1.0,0.0,0.0
1178.0,408.0,1214.0,419.0,1196.0,413.0,-1.0,-1.0,0.0,0.0
-1.0,-1.0,-1.0,-1.0,-1.0,-1.0,-1.0,-1.0,-1.0,-1.0
1184.0,404.0,1220.0,419.0,1202.0,411.0,-1.0,-1.0,0.0,0.0
1214.0,397.0,1209.0,424.0,1211.0,410.0,-1.0,-1.0,0.0,0.0
-1.0,-1.0,-1.0,-1.0,-1.0,-1.0,-1.0,-1.0,-1.0,-1.0
1220.0,415.0,1202.0,445.0,1211.0,430.0,-1.0,-1.0,0.0,0.0
1191.0,415.0,1211.0,442.0,1201.0,428.0,-1.0,-1.0,0.0,0.0
-1.0,-1.0,-1.0,-1.0,-1.0,-1.0,-1.0,-1.0,-1.0,-1.0
1189.0,392.0,1219.0,450.0,1204.0,421.0,-1.0,-1.0,0.0,0.0
1198.0,391.0,1210.0,460.0,1204.0,425.0,-1.0,-1.0,0.0,0.0
-1.0,-1.0,-1.0,-1.0,-1.0,-1.0,-1.0,-1.0,-1.0,-1.0
1217.0,414.0,1203.0,452.0,1210.0,433.0,-1.0,-1.0,0.0,0.0
1210.0,417.0,1211.0,458.0,1210.0,437.0,-1.0,-1.0,0.0,0.0
-1.0,-1.0,-1.0,-1.0,-1.0,-1.0,-1.0,-1.0,-1.0,-1.0
1205.0,421.0,1212.0,445.0,1208.0,433.0,-1.0,-1.0,0.0,0.0
1208.0,406.0,1205.0,430.0,1206.0,418.0,-1.0,-1.0,0.0,0.0
-1.0,-1.0,-1.0,-1.0,-1.0,-1.0,-1.0,-1.0,-1.0,-1.0
1184.0,398.0,1198.0,437.0,1191.0,417.0,-1.0,-1.0,0.0,0.0
1163.0,416.0,1193.0,428.0,1178.0,422.0,-1.0,-1.0,0.0,0.0
-1.0,-1.0,-1.0,-1.0,-1.0,-1.0,-1.0,-1.0,-1.0,-1.0
1180.0,419.0,1205.0,443.0,1192.0,431.0,-1.0,-1.0,0.0,0.0
1199.0,399.0,1207.0,463.0,1203.0,431.0,-1.0,-1.0,0.0,0.0
1207.0,463.0,1207.0,463.0,1207.0,463.0,2.16,2.16,0.0,0.0
1207.0,404.0,1201.0,443.0,1204.0,423.0,-1.0,-1.0,0.0,0.0
1211.0,396.0,1198.0,431.0,1204.0,413.0,-1.0,-1.0,0.0,0.0
-1.0,-1.0,-1.0,-1.0,-1.0,-1.0,-1.0,-1.0,-1.0,-1.0
1219.0,426.0,1205.0,442.0,1212.0,434.0,-1.0,-1.0,0.0,0.0
1199.0,445.0,1209.0,451.0,1204.0,448.0,-1.0,-1.0,0.0,0.0
-1.0,-1.0,-1.0,-1.0,-1.0,-1.0,-1.0,-1.0,-1.0,-1.0
1199.0,437.0,1207.0,453.0,1203.0,445.0,-1.0,-1.0,0.0,0.0
1195.0,438.0,1213.0,441.0,1204.0,439.0,-1.0,-1.0,0.0,0.0
1213.0,440.0,1213.0,440.0,1213.0,440.0,2.6,2.6,0.0,0.0
1189.0,436.0,1216.0,438.0,1202.0,437.0,-1.0,-1.0,0.0,0.0
1201.0,432.0,1210.0,449.0,1205.0,440.0,-1.0,-1.0,0.0,0.0
-1.0,-1.0,-1.0,-1.0,-1.0,-1.0,-1.0,-1.0,-1.0,-1.0
1207.0,437.0,1211.0,457.0,1209.0,447.0,-1.0,-1.0,0.0,0.0
1202.0,443.0,1220.0,456.0,1211.0,449.0,-1.0,-1.0,0.0,0.0
-1.0,-1.0,-1.0,-1.0,-1.0,-1.0,-1.0,-1.0,-1.0,-1.0
1218.0,434.0,1218.0,434.0,1218.0,434.0,-1.0,-1.0,0.0,0.0
1208.0,433.0,1206.0,430.0,1207.0,431.0,-1.0,-1.0,0.0,0.0
1206.0,430.0,1206.0,430.0,1206.0,430.0,2.29,2.29,0.0,0.0
1186.0,410.0,1216.0,438.0,1201.0,424.0,-1.0,-1.0,0.0,0.0
1183.0,379.0,1234.0,443.0,1208.0,411.0,-1.0,-1.0,0.0,0.0
1234.0,443.0,1234.0,443.0,1234.0,443.0,2.91,2.91,0.0,0.0
1244.0,387.0,1265.0,451.0,1254.0,419.0,-1.0,-1.0,0.0,0.0
1346.0,401.0,1369.0,438.0,1357.0,419.0,-1.0,-1.0,0.0,0.0
1346.0,401.0,1346.0,401.0,1346.0,401.0,2.5,2.5,0.0,0.0
1376.0,420.0,1403.0,428.0,1389.0,424.0,-1.0,-1.0,0.0,0.0
1367.0,428.0,1396.0,425.0,1381.0,426.0,-1.0,-1.0,0.0,0.0
1367.0,428.0,1367.0,428.0,1367.0,428.0,3.37,3.37,0.0,0.0
1370.0,415.0,1398.0,424.0,1384.0,419.0,-1.0,-1.0,0.0,0.0
1369.0,424.0,1400.0,429.0,1384.0,426.0,-1.0,-1.0,0.0,0.0
-1.0,-1.0,-1.0,-1.0,-1.0,-1.0,-1.0,-1.0,-1.0,-1.0
1360.0,396.0,1380.0,412.0,1370.0,404.0,-1.0,-1.0,0.0,0.0
1382.0,358.0,1372.0,419.0,1377.0,388.0,-1.0,-1.0,0.0,0.0
-1.0,-1.0,-1.0,-1.0,-1.0,-1.0,-1.0,-1.0,-1.0,-1.0
1366.0,400.0,1373.0,447.0,1369.0,423.0,-1.0,-1.0,0.0,0.0
1340.0,416.0,1391.0,442.0,1365.0,429.0,-1.0,-1.0,0.0,0.0
-1.0,-1.0,-1.0,-1.0,-1.0,-1.0,-1.0,-1.0,-1.0,-1.0
1352.0,402.0,1406.0,440.0,1379.0,421.0,-1.0,-1.0,0.0,0.0
1360.0,402.0,1400.0,447.0,1380.0,424.0,-1.0,-1.0,0.0,0.0
-1.0,-1.0,-1.0,-1.0,-1.0,-1.0,-1.0,-1.0,-1.0,-1.0
1360.0,395.0,1385.0,452.0,1372.0,423.0,-1.0,-1.0,0.0,0.0
1364.0,397.0,1371.0,437.0,1367.0,417.0,-1.0,-1.0,0.0,0.0
-1.0,-1.0,-1.0,-1.0,-1.0,-1.0,-1.0,-1.0,-1.0,-1.0
1380.0,392.0,1385.0,419.0,1382.0,405.0,-1.0,-1.0,0.0,0.0
1384.0,395.0,1395.0,418.0,1389.0,406.0,-1.0,-1.0,0.0,0.0
-1.0,-1.0,-1.0,-1.0,-1.0,-1.0,-1.0,-1.0,-1.0,-1.0
1384.0,403.0,1386.0,423.0,1385.0,413.0,-1.0,-1.0,0.0,0.0
1380.0,395.0,1367.0,438.0,1373.0,416.0,-1.0,-1.0,0.0,0.0
-1.0,-1.0,-1.0,-1.0,-1.0,-1.0,-1.0,-1.0,-1.0,-1.0
1372.0,401.0,1366.0,459.0,1369.0,430.0,-1.0,-1.0,0.0,0.0
1380.0,400.0,1389.0,440.0,1384.0,420.0,-1.0,-1.0,0.0,0.0
1380.0,399.0,1380.0,399.0,1380.0,399.0,3.1,3.1,0.0,0.0
1382.0,426.0,1380.0,437.0,1381.0,431.0,-1.0,-1.0,0.0,0.0
1393.0,420.0,1353.0,466.0,1373.0,443.0,-1.0,-1.0,0.0,0.0
-1.0,-1.0,-1.0,-1.0,-1.0,-1.0,-1.0,-1.0,-1.0,-1.0
1374.0,394.0,1357.0,476.0,1365.0,435.0,-1.0,-1.0,0.0,0.0
1367.0,411.0,1365.0,463.0,1366.0,437.0,-1.0,-1.0,0.0,0.0
-1.0,-1.0,-1.0,-1.0,-1.0,-1.0,-1.0,-1.0,-1.0,-1.0
-1.0,-1.0,-1.0,-1.0,-1.0,-1.0,-1.0,-1.0,-1.0,-1.0
1348.0,417.0,1371.0,467.0,1359.0,442.0,-1.0,-1.0,0.0,0.0
-1.0,-1.0,-1.0,-1.0,-1.0,-1.0,-1.0,-1.0,-1.0,-1.0
1349.0,417.0,1380.0,436.0,1364.0,426.0,-1.0,-1.0,0.0,0.0
1354.0,406.0,1381.0,433.0,1367.0,419.0,-1.0,-1.0,0.0,0.0
-1.0,-1.0,-1.0,-1.0,-1.0,-1.0,-1.0,-1.0,-1.0,-1.0
1363.0,423.0,1392.0,446.0,1377.0,434.0,-1.0,-1.0,0.0,0.0
1371.0,403.0,1381.0,453.0,1376.0,428.0,-1.0,-1.0,0.0,0.0
-1.0,-1.0,-1.0,-1.0,-1.0,-1.0,-1.0,-1.0,-1.0,-1.0
1372.0,409.0,1372.0,436.0,1372.0,422.0,-1.0,-1.0,0.0,0.0
1368.0,390.0,1375.0,435.0,1371.0,412.0,-1.0,-1.0,0.0,0.0
-1.0,-1.0,-1.0,-1.0,-1.0,-1.0,-1.0,-1.0,-1.0,-1.0
1376.0,398.0,1371.0,450.0,1373.0,424.0,-1.0,-1.0,0.0,0.0
1397.0,422.0,1385.0,465.0,1391.0,443.0,-1.0,-1.0,0.0,0.0
-1.0,-1.0,-1.0,-1.0,-1.0,-1.0,-1.0,-1.0,-1.0,-1.0
-1.0,-1.0,-1.0,-1.0,-1.0,-1.0,-1.0,-1.0,-1.0,-1.0
1371.0,414.0,1364.0,448.0,1367.0,431.0,-1.0,-1.0,0.0,0.0
-1.0,-1.0,-1.0,-1.0,-1.0,-1.0,-1.0,-1.0,-1.0,-1.0
1363.0,417.0,1372.0,453.0,1367.0,435.0,-1.0,-1.0,0.0,0.0
1375.0,425.0,1398.0,443.0,1386.0,434.0,-1.0,-1.0,0.0,0.0
-1.0,-1.0,-1.0,-1.0,-1.0,-1.0,-1.0,-1.0,-1.0,-1.0
1379.0,418.0,1392.0,438.0,1385.0,428.0,-1.0,-1.0,0.0,0.0
1398.0,404.0,1380.0,454.0,1389.0,429.0,-1.0,-1.0,0.0,0.0
-1.0,-1.0,-1.0,-1.0,-1.0,-1.0,-1.0,-1.0,-1.0,-1.0
1387.0,389.0,1387.0,441.0,1387.0,415.0,-1.0,-1.0,0.0,0.0
1363.0,403.0,1394.0,435.0,1378.0,419.0,-1.0,-1.0,0.0,0.0
1363.0,403.0,1363.0,403.0,1363.0,403.0,2.82,2.82,0.0,0.0
1376.0,420.0,1378.0,451.0,1377.0,435.0,-1.0,-1.0,0.0,0.0
1394.0,424.0,1365.0,453.0,1379.0,438.0,-1.0,-1.0,0.0,0.0
-1.0,-1.0,-1.0,-1.0,-1.0,-1.0,-1.0,-1.0,-1.0,-1.0
1394.0,409.0,1364.0,460.0,1379.0,434.0,-1.0,-1.0,0.0,0.0
1374.0,405.0,1385.0,459.0,1379.0,432.0,-1.0,-1.0,0.0,0.0
1374.0,406.0,1374.0,406.0,1374.0,406.0,2.24,2.24,0.0,0.0
1368.0,415.0,1397.0,440.0,1382.0,427.0,-1.0,-1.0,0.0,0.0
1370.0,412.0,1375.0,444.0,1372.0,428.0,-1.0,-1.0,0.0,0.0
-1.0,-1.0,-1.0,-1.0,-1.0,-1.0,-1.0,-1.0,-1.0,-1.0
1363.0,411.0,1356.0,472.0,1359.0,441.0,-1.0,-1.0,0.0,0.0
1340.0,413.0,1343.0,473.0,1341.0,443.0,-1.0,-1.0,0.0,0.0
-1.0,-1.0,-1.0,-1.0,-1.0,-1.0,-1.0,-1.0,-1.0,-1.0
1325.0,411.0,1346.0,437.0,1335.0,424.0,-1.0,-1.0,0.0,0.0
1328.0,396.0,1320.0,456.0,1324.0,426.0,-1.0,-1.0,0.0,0.0
-1.0,-1.0,-1.0,-1.0,-1.0,-1.0,-1.0,-1.0,-1.0,-1.0
1336.0,418.0,1318.0,465.0,1327.0,441.0,-1.0,-1.0,0.0,0.0
1320.0,428.0,1319.0,457.0,1319.0,442.0,-1.0,-1.0,0.0,0.0
-1.0,-1.0,-1.0,-1.0,-1.0,-1.0,-1.0,-1.0,-1.0,-1.0
1305.0,427.0,1317.0,457.0,1311.0,442.0,-1.0,-1.0,0.0,0.0
1300.0,436.0,1309.0,454.0,1304.0,445.0,-1.0,-1.0,0.0,0.0
-1.0,-1.0,-1.0,-1.0,-1.0,-1.0,-1.0,-1.0,-1.0,-1.0
1297.0,436.0,1313.0,439.0,1305.0,437.0,-1.0,-1.0,0.0,0.0
1303.0,437.0,1313.0,449.0,1308.0,443.0,-1.0,-1.0,0.0,0.0
-1.0,-1.0,-1.0,-1.0,-1.0,-1.0,-1.0,-1.0,-1.0,-1.0
1314.0,444.0,1303.0,476.0,1308.0,460.0,-1.0,-1.0,0.0,0.0
1314.0,438.0,1305.0,467.0,1309.0,452.0,-1.0,-1.0,0.0,0.0
-1.0,-1.0,-1.0,-1.0,-1.0,-1.0,-1.0,-1.0,-1.0,-1.0
1318.0,442.0,1309.0,474.0,1313.0,458.0,-1.0,-1.0,0.0,0.0
1314.0,438.0,1320.0,458.0,1317.0,448.0,-1.0,-1.0,0.0,0.0
1314.0,438.0,1314.0,438.0,1314.0,438.0,3.03,3.03,0.0,0.0
1335.0,442.0,1357.0,445.0,1346.0,443.0,-1.0,-1.0,0.0,0.0
1418.0,443.0,1449.0,460.0,1433.0,451.0,-1.0,-1.0,0.0,0.0
-1.0,-1.0,-1.0,-1.0,-1.0,-1.0,-1.0,-1.0,-1.0,-1.0
1556.0,410.0,1510.0,458.0,1533.0,434.0,-1.0,-1.0,0.0,0.0
1576.0,415.0,1532.0,443.0,1554.0,429.0,-1.0,-1.0,0.0,0.0
1507.0,434.0,1507.0,434.0,1507.0,434.0,1.92,1.92,0.0,0.0
1487.0,494.0,1537.0,443.0,1512.0,468.0,-1.0,-1.0,0.0,0.0
1499.0,490.0,1538.0,438.0,1518.0,464.0,-1.0,-1.0,0.0,0.0
-1.0,-1.0,-1.0,-1.0,-1.0,-1.0,-1.0,-1.0,-1.0,-1.0
1532.0,442.0,1540.0,450.0,1536.0,446.0,-1.0,-1.0,0.0,0.0
1537.0,440.0,1551.0,449.0,1544.0,444.0,-1.0,-1.0,0.0,0.0
-1.0,-1.0,-1.0,-1.0,-1.0,-1.0,-1.0,-1.0,-1.0,-1.0
1539.0,425.0,1545.0,439.0,1542.0,432.0,-1.0,-1.0,0.0,0.0
1531.0,421.0,1541.0,445.0,1536.0,433.0,-1.0,-1.0,0.0,0.0
-1.0,-1.0,-1.0,-1.0,-1.0,-1.0,-1.0,-1.0,-1.0,-1.0
1542.0,439.0,1542.0,439.0,1542.0,439.0,-1.0,-1.0,0.0,0.0
1527.0,420.0,1543.0,434.0,1535.0,427.0,-1.0,-1.0,0.0,0.0
-1.0,-1.0,-1.0,-1.0,-1.0,-1.0,-1.0,-1.0,-1.0,-1.0
1518.0,436.0,1540.0,443.0,1529.0,439.0,-1.0,-1.0,0.0,0.0
1521.0,442.0,1544.0,447.0,1532.0,444.0,-1.0,-1.0,0.0,0.0
1551.0,459.0,1551.0,459.0,1551.0,459.0,1.87,1.87,0.0,0.0
1447.0,364.0,1551.0,459.0,1499.0,411.0,-1.0,-1.0,0.0,0.0
1446.0,356.0,1549.0,450.0,1497.0,403.0,-1.0,-1.0,0.0,0.0
-1.0,-1.0,-1.0,-1.0,-1.0,-1.0,-1.0,-1.0,-1.0,-1.0
1520.0,432.0,1551.0,458.0,1535.0,445.0,-1.0,-1.0,0.0,0.0
1527.0,450.0,1543.0,452.0,1535.0,451.0,-1.0,-1.0,0.0,0.0
-1.0,-1.0,-1.0,-1.0,-1.0,-1.0,-1.0,-1.0,-1.0,-1.0
1531.0,452.0,1533.0,443.0,1532.0,447.0,-1.0,-1.0,0.0,0.0
1531.0,432.0,1535.0,447.0,1533.0,439.0,-1.0,-1.0,0.0,0.0
1529.0,435.0,1529.0,435.0,1529.0,435.0,2.22,2.22,0.0,0.0
1526.0,440.0,1547.0,441.0,1536.0,440.0,-1.0,-1.0,0.0,0.0
1528.0,434.0,1562.0,457.0,1545.0,445.0,-1.0,-1.0,0.0,0.0
-1.0,-1.0,-1.0,-1.0,-1.0,-1.0,-1.0,-1.0,-1.0,-1.0
1529.0,430.0,1553.0,456.0,1541.0,443.0,-1.0,-1.0,0.0,0.0
1532.0,457.0,1545.0,453.0,1538.0,455.0,-1.0,-1.0,0.0,0.0
-1.0,-1.0,-1.0,-1.0,-1.0,-1.0,-1.0,-1.0,-1.0,-1.0
1532.0,457.0,1539.0,456.0,1535.0,456.0,-1.0,-1.0,0.0,0.0
1532.0,443.0,1544.0,452.0,1538.0,447.0,-1.0,-1.0,0.0,0.0
-1.0,-1.0,-1.0,-1.0,-1.0,-1.0,-1.0,-1.0,-1.0,-1.0
1529.0,440.0,1562.0,442.0,1545.0,441.0,-1.0,-1.0,0.0,0.0
1537.0,446.0,1552.0,460.0,1544.0,453.0,-1.0,-1.0,0.0,0.0
1559.0,451.0,1559.0,451.0,1559.0,451.0,2.23,2.23,0.0,0.0
1541.0,444.0,1542.0,462.0,1541.0,453.0,-1.0,-1.0,0.0,0.0
1517.0,453.0,1543.0,459.0,1530.0,456.0,-1.0,-1.0,0.0,0.0
-1.0,-1.0,-1.0,-1.0,-1.0,-1.0,-1.0,-1.0,-1.0,-1.0
1512.0,461.0,1511.0,503.0,1511.0,482.0,-1.0,-1.0,0.0,0.0
1525.0,448.0,1513.0,499.0,1519.0,473.0,-1.0,-1.0,0.0,0.0
-1.0,-1.0,-1.0,-1.0,-1.0,-1.0,-1.0,-1.0,-1.0,-1.0
1528.0,442.0,1545.0,459.0,1536.0,450.0,-1.0,-1.0,0.0,0.0
1544.0,420.0,1531.0,486.0,1537.0,453.0,-1.0,-1.0,0.0,0.0
-1.0,-1.0,-1.0,-1.0,-1.0,-1.0,-1.0,-1.0,-1.0,-1.0
1531.0,444.0,1532.0,486.0,1531.0,465.0,-1.0,-1.0,0.0,0.0
1521.0,449.0,1537.0,466.0,1529.0,457.0,-1.0,-1.0,0.0,0.0
-1.0,-1.0,-1.0,-1.0,-1.0,-1.0,-1.0,-1.0,-1.0,-1.0
1538.0,463.0,1538.0,463.0,1538.0,463.0,-1.0,-1.0,0.0,0.0
1523.0,460.0,1545.0,468.0,1534.0,464.0,-1.0,-1.0,0.0,0.0
-1.0,-1.0,-1.0,-1.0,-1.0,-1.0,-1.0,-1.0,-1.0,-1.0
1526.0,446.0,1548.0,456.0,1537.0,451.0,-1.0,-1.0,0.0,0.0
1522.0,451.0,1540.0,454.0,1531.0,452.0,-1.0,-1.0,0.0,0.0
-1.0,-1.0,-1.0,-1.0,-1.0,-1.0,-1.0,-1.0,-1.0,-1.0
1522.0,457.0,1539.0,460.0,1530.0,458.0,-1.0,-1.0,0.0,0.0
1521.0,447.0,1533.0,462.0,1527.0,454.0,-1.0,-1.0,0.0,0.0
-1.0,-1.0,-1.0,-1.0,-1.0,-1.0,-1.0,-1.0,-1.0,-1.0
1520.0,430.0,1531.0,466.0,1525.0,448.0,-1.0,-1.0,0.0,0.0
1540.0,447.0,1532.0,475.0,1536.0,461.0,-1.0,-1.0,0.0,0.0
-1.0,-1.0,-1.0,-1.0,-1.0,-1.0,-1.0,-1.0,-1.0,-1.0
1549.0,449.0,1535.0,466.0,1542.0,457.0,-1.0,-1.0,0.0,0.0
1522.0,439.0,1534.0,452.0,1528.0,445.0,-1.0,-1.0,0.0,0.0
-1.0,-1.0,-1.0,-1.0,-1.0,-1.0,-1.0,-1.0,-1.0,-1.0
1520.0,455.0,1519.0,472.0,1519.0,463.0,-1.0,-1.0,0.0,0.0
1543.0,451.0,1508.0,463.0,1525.0,457.0,-1.0,-1.0,0.0,0.0
-1.0,-1.0,-1.0,-1.0,-1.0,-1.0,-1.0,-1.0,-1.0,-1.0
1538.0,440.0,1525.0,446.0,1531.0,443.0,-1.0,-1.0,0.0,0.0
1522.0,445.0,1535.0,448.0,1528.0,446.0,-1.0,-1.0,0.0,0.0
-1.0,-1.0,-1.0,-1.0,-1.0,-1.0,-1.0,-1.0,-1.0,-1.0
1518.0,443.0,1529.0,454.0,1523.0,448.0,-1.0,-1.0,0.0,0.0
-1.0,-1.0,-1.0,-1.0,-1.0,-1.0,-1.0,-1.0,-1.0,-1.0
-1.0,-1.0,-1.0,-1.0,-1.0,-1.0,-1.0,-1.0,-1.0,-1.0
1530.0,454.0,1530.0,458.0,1530.0,456.0,-1.0,-1.0,0.0,0.0
1512.0,451.0,1538.0,480.0,1525.0,465.0,-1.0,-1.0,0.0,0.0
-1.0,-1.0,-1.0,-1.0,-1.0,-1.0,-1.0,-1.0,-1.0,-1.0
1498.0,436.0,1551.0,458.0,1524.0,447.0,-1.0,-1.0,0.0,0.0
1507.0,436.0,1527.0,429.0,1517.0,432.0,-1.0,-1.0,0.0,0.0
1527.0,429.0,1527.0,429.0,1527.0,429.0,2.19,2.19,0.0,0.0
1520.0,435.0,1515.0,489.0,1517.0,462.0,-1.0,-1.0,0.0,0.0
1525.0,419.0,1529.0,489.0,1527.0,454.0,-1.0,-1.0,0.0,0.0
-1.0,-1.0,-1.0,-1.0,-1.0,-1.0,-1.0,-1.0,-1.0,-1.0
1514.0,439.0,1541.0,441.0,1527.0,440.0,-1.0,-1.0,0.0,0.0
1508.0,453.0,1541.0,442.0,1524.0,447.0,-1.0,-1.0,0.0,0.0
1508.0,453.0,1531.0,455.0,1519.0,454.0,1.95,1.97,0.0,0.0
1507.0,455.0,1525.0,449.0,1516.0,452.0,-1.0,-1.0,0.0,0.0
1514.0,447.0,1525.0,449.0,1519.0,448.0,-1.0,-1.0,0.0,0.0
1544.0,437.0,1544.0,437.0,1544.0,437.0,2.01,2.01,0.0,0.0
1520.0,434.0,1557.0,413.0,1538.0,423.0,-1.0,-1.0,0.0,0.0
1518.0,435.0,1545.0,438.0,1531.0,436.0,-1.0,-1.0,0.0,0.0
-1.0,-1.0,-1.0,-1.0,-1.0,-1.0,-1.0,-1.0,-1.0,-1.0
1513.0,449.0,1538.0,441.0,1525.0,445.0,-1.0,-1.0,0.0,0.0
1513.0,440.0,1552.0,437.0,1532.0,438.0,-1.0,-1.0,0.0,0.0
-1.0,-1.0,-1.0,-1.0,-1.0,-1.0,-1.0,-1.0,-1.0,-1.0
1523.0,435.0,1571.0,428.0,1547.0,431.0,-1.0,-1.0,0.0,0.0
1537.0,424.0,1547.0,428.0,1542.0,426.0,-1.0,-1.0,0.0,0.0
-1.0,-1.0,-1.0,-1.0,-1.0,-1.0,-1.0,-1.0,-1.0,-1.0
1533.0,440.0,1533.0,440.0,1533.0,440.0,-1.0,-1.0,0.0,0.0
1434.0,437.0,1331.0,448.0,1382.0,442.0,-1.0,-1.0,0.0,0.0
-1.0,-1.0,-1.0,-1.0,-1.0,-1.0,-1.0,-1.0,-1.0,-1.0
1084.0,451.0,1158.0,485.0,1121.0,468.0,-1.0,-1.0,0.0,0.0
881.0,429.0,920.0,480.0,900.0,454.0,-1.0,-1.0,0.0,0.0
-1.0,-1.0,-1.0,-1.0,-1.0,-1.0,-1.0,-1.0,-1.0,-1.0
732.0,431.0,766.0,517.0,749.0,474.0,-1.0,-1.0,0.0,0.0
545.0,433.0,545.0,433.0,545.0,433.0,-1.0,-1.0,0.0,0.0
-1.0,-1.0,-1.0,-1.0,-1.0,-1.0,-1.0,-1.0,-1.0,-1.0
467.0,458.0,685.0,524.0,576.0,491.0,-1.0,-1.0,0.0,0.0
399.0,484.0,424.0,504.0,411.0,494.0,-1.0,-1.0,0.0,0.0
-1.0,-1.0,-1.0,-1.0,-1.0,-1.0,-1.0,-1.0,-1.0,-1.0
402.0,477.0,427.0,497.0,414.0,487.0,-1.0,-1.0,0.0,0.0
411.0,482.0,411.0,482.0,411.0,482.0,-1.0,-1.0,0.0,0.0
435.0,543.0,435.0,543.0,435.0,543.0,2.17,2.17,0.0,0.0
423.0,482.0,446.0,546.0,434.0,514.0,-1.0,-1.0,0.0,0.0
405.0,494.0,450.0,541.0,427.0,517.0,-1.0,-1.0,0.0,0.0
-1.0,-1.0,-1.0,-1.0,-1.0,-1.0,-1.0,-1.0,-1.0,-1.0
402.0,503.0,438.0,542.0,420.0,522.0,-1.0,-1.0,0.0,0.0
400.0,508.0,438.0,547.0,419.0,527.0,-1.0,-1.0,0.0,0.0
437.0,549.0,437.0,549.0,437.0,549.0,1.93,1.93,0.0,0.0
403.0,505.0,440.0,552.0,421.0,528.0,-1.0,-1.0,0.0,0.0
413.0,495.0,444.0,557.0,428.0,526.0,-1.0,-1.0,0.0,0.0
420.0,572.0,420.0,572.0,420.0,572.0,2.26,2.26,0.0,0.0
303.0,485.0,384.0,566.0,343.0,525.0,-1.0,-1.0,0.0,0.0
227.0,485.0,338.0,559.0,282.0,522.0,-1.0,-1.0,0.0,0.0
-1.0,-1.0,-1.0,-1.0,-1.0,-1.0,-1.0,-1.0,-1.0,-1.0
163.0,498.0,216.0,501.0,189.0,499.0,-1.0,-1.0,0.0,0.0
114.0,454.0,288.0,551.0,201.0,502.0,-1.0,-1.0,0.0,0.0
169.0,462.0,169.0,462.0,169.0,462.0,1.9,1.9,0.0,0.0
120.0,430.0,169.0,462.0,144.0,446.0,-1.0,-1.0,0.0,0.0
163.0,468.0,182.0,522.0,172.0,495.0,-1.0,-1.0,0.0,0.0
182.0,522.0,182.0,522.0,182.0,522.0,2.3,2.3,0.0,0.0
171.0,480.0,190.0,526.0,180.0,503.0,-1.0,-1.0,0.0,0.0
164.0,502.0,164.0,502.0,164.0,502.0,-1.0,-1.0,0.0,0.0
190.0,526.0,190.0,526.0,190.0,526.0,2.3,2.3,0.0,0.0
165.0,502.0,190.0,538.0,177.0,520.0,-1.0,-1.0,0.0,0.0
176.0,514.0,205.0,545.0,190.0,529.0,-1.0,-1.0,0.0,0.0
-1.0,-1.0,-1.0,-1.0,-1.0,-1.0,-1.0,-1.0,-1.0,-1.0
180.0,510.0,203.0,543.0,191.0,526.0,-1.0,-1.0,0.0,0.0
171.0,510.0,211.0,547.0,191.0,528.0,-1.0,-1.0,0.0,0.0
171.0,510.0,203.0,545.0,187.0,527.0,2.1,2.13,0.0,0.0
169.0,510.0,203.0,539.0,186.0,524.0,-1.0,-1.0,0.0,0.0
164.0,497.0,191.0,534.0,177.0,515.0,-1.0,-1.0,0.0,0.0
193.0,549.0,193.0,549.0,193.0,549.0,2.19,2.19,0.0,0.0
168.0,508.0,190.0,552.0,179.0,530.0,-1.0,-1.0,0.0,0.0
179.0,527.0,177.0,515.0,178.0,521.0,-1.0,-1.0,0.0,0.0
163.0,485.0,163.0,485.0,163.0,485.0,1.93,1.93,0.0,0.0
179.0,526.0,167.0,488.0,173.0,507.0,-1.0,-1.0,0.0,0.0
173.0,519.0,190.0,534.0,181.0,526.0,-1.0,-1.0,0.0,0.0
193.0,544.0,193.0,544.0,193.0,544.0,1.99,1.99,0.0,0.0
173.0,525.0,191.0,556.0,182.0,540.0,-1.0,-1.0,0.0,0.0
184.0,538.0,174.0,534.0,179.0,536.0,-1.0,-1.0,0.0,0.0
193.0,571.0,193.0,571.0,193.0,571.0,2.07,2.07,0.0,0.0
182.0,529.0,182.0,530.0,182.0,529.0,-1.0,-1.0,0.0,0.0
182.0,536.0,180.0,527.0,181.0,531.0,-1.0,-1.0,0.0,0.0
178.0,531.0,178.0,531.0,178.0,531.0,2.16,2.16,0.0,0.0
191.0,535.0,182.0,527.0,186.0,531.0,-1.0,-1.0,0.0,0.0
194.0,532.0,182.0,526.0,188.0,529.0,-1.0,-1.0,0.0,0.0
175.0,517.0,175.0,517.0,175.0,517.0,1.89,1.89,0.0,0.0
197.0,530.0,180.0,523.0,188.0,526.0,-1.0,-1.0,0.0,0.0
199.0,536.0,172.0,494.0,185.0,515.0,-1.0,-1.0,0.0,0.0
-1.0,-1.0,-1.0,-1.0,-1.0,-1.0,-1.0,-1.0,-1.0,-1.0
206.0,534.0,167.0,500.0,186.0,517.0,-1.0,-1.0,0.0,0.0
213.0,555.0,173.0,507.0,193.0,531.0,-1.0,-1.0,0.0,0.0
-1.0,-1.0,-1.0,-1.0,-1.0,-1.0,-1.0,-1.0,-1.0,-1.0
205.0,560.0,184.0,523.0,194.0,541.0,-1.0,-1.0,0.0,0.0
199.0,537.0,186.0,541.0,192.0,539.0,-1.0,-1.0,0.0,0.0
-1.0,-1.0,-1.0,-1.0,-1.0,-1.0,-1.0,-1.0,-1.0,-1.0
206.0,532.0,178.0,535.0,192.0,533.0,-1.0,-1.0,0.0,0.0
204.0,526.0,176.0,538.0,190.0,532.0,-1.0,-1.0,0.0,0.0
176.0,538.0,176.0,538.0,176.0,538.0,2.29,2.29,0.0,0.0
222.0,532.0,173.0,525.0,197.0,528.0,-1.0,-1.0,0.0,0.0
239.0,540.0,231.0,545.0,235.0,542.0,-1.0,-1.0,0.0,0.0
252.0,514.0,252.0,514.0,252.0,514.0,2.06,2.06,0.0,0.0
301.0,529.0,314.0,523.0,307.0,526.0,-1.0,-1.0,0.0,0.0
338.0,559.0,319.0,511.0,328.0,535.0,-1.0,-1.0,0.0,0.0
316.0,524.0,316.0,524.0,316.0,524.0,2.17,2.17,0.0,0.0
319.0,563.0,320.0,523.0,319.0,543.0,-1.0,-1.0,0.0,0.0
320.0,544.0,323.0,543.0,321.0,543.0,-1.0,-1.0,0.0,0.0
-1.0,-1.0,-1.0,-1.0,-1.0,-1.0,-1.0,-1.0,-1.0,-1.0
335.0,535.0,312.0,543.0,323.0,539.0,-1.0,-1.0,0.0,0.0
341.0,531.0,307.0,540.0,324.0,535.0,-1.0,-1.0,0.0,0.0
300.0,527.0,300.0,527.0,300.0,527.0,2.06,2.06,0.0,0.0
345.0,536.0,311.0,520.0,328.0,528.0,-1.0,-1.0,0.0,0.0
339.0,567.0,339.0,567.0,339.0,567.0,-1.0,-1.0,0.0,0.0
-1.0,-1.0,-1.0,-1.0,-1.0,-1.0,-1.0,-1.0,-1.0,-1.0
342.0,557.0,314.0,531.0,328.0,544.0,-1.0,-1.0,0.0,0.0
-1.0,-1.0,-1.0,-1.0,-1.0,-1.0,-1.0,-1.0,-1.0,-1.0
-1.0,-1.0,-1.0,-1.0,-1.0,-1.0,-1.0,-1.0,-1.0,-1.0
345.0,555.0,325.0,552.0,335.0,553.0,-1.0,-1.0,0.0,0.0
340.0,533.0,332.0,566.0,336.0,549.0,-1.0,-1.0,0.0,0.0
-1.0,-1.0,-1.0,-1.0,-1.0,-1.0,-1.0,-1.0,-1.0,-1.0
327.0,539.0,339.0,563.0,333.0,551.0,-1.0,-1.0,0.0,0.0
328.0,555.0,328.0,555.0,328.0,555.0,-1.0,-1.0,0.0,0.0
-1.0,-1.0,-1.0,-1.0,-1.0,-1.0,-1.0,-1.0,-1.0,-1.0
346.0,555.0,348.0,576.0,347.0,565.0,-1.0,-1.0,0.0,0.0
351.0,529.0,350.0,574.0,350.0,551.0,-1.0,-1.0,0.0,0.0
350.0,574.0,350.0,574.0,350.0,574.0,2.11,2.11,0.0,0.0
323.0,536.0,322.0,525.0,322.0,530.0,-1.0,-1.0,0.0,0.0
318.0,559.0,318.0,559.0,318.0,559.0,-1.0,-1.0,0.0,0.0
-1.0,-1.0,-1.0,-1.0,-1.0,-1.0,-1.0,-1.0,-1.0,-1.0
324.0,540.0,332.0,548.0,328.0,544.0,-1.0,-1.0,0.0,0.0
318.0,527.0,326.0,540.0,322.0,533.0,-1.0,-1.0,0.0,0.0
332.0,548.0,332.0,548.0,332.0,548.0,2.45,2.45,0.0,0.0
329.0,537.0,327.0,539.0,328.0,538.0,-1.0,-1.0,0.0,0.0
337.0,548.0,332.0,529.0,334.0,538.0,-1.0,-1.0,0.0,0.0
329.0,519.0,329.0,519.0,329.0,519.0,1.95,1.95,0.0,0.0
345.0,538.0,330.0,522.0,337.0,530.0,-1.0,-1.0,0.0,0.0
343.0,537.0,326.0,521.0,334.0,529.0,-1.0,-1.0,0.0,0.0
329.0,537.0,329.0,537.0,329.0,537.0,2.25,2.25,0.0,0.0
342.0,545.0,328.0,529.0,335.0,537.0,-1.0,-1.0,0.0,0.0
337.0,539.0,332.0,527.0,334.0,533.0,-1.0,-1.0,0.0,0.0
-1.0,-1.0,-1.0,-1.0,-1.0,-1.0,-1.0,-1.0,-1.0,-1.0
335.0,535.0,322.0,535.0,328.0,535.0,-1.0,-1.0,0.0,0.0
337.0,542.0,318.0,535.0,327.0,538.0,-1.0,-1.0,0.0,0.0
303.0,530.0,303.0,530.0,303.0,530.0,2.06,2.06,0.0,0.0
331.0,549.0,319.0,539.0,325.0,544.0,-1.0,-1.0,0.0,0.0
334.0,554.0,319.0,551.0,326.0,552.0,-1.0,-1.0,0.0,0.0
339.0,555.0,339.0,555.0,339.0,555.0,1.94,1.94,0.0,0.0
333.0,549.0,331.0,548.0,332.0,548.0,-1.0,-1.0,0.0,0.0
332.0,552.0,320.0,506.0,326.0,529.0,-1.0,-1.0,0.0,0.0
327.0,530.0,327.0,530.0,327.0,530.0,2.53,2.53,0.0,0.0
333.0,547.0,327.0,560.0,330.0,553.0,-1.0,-1.0,0.0,0.0
332.0,541.0,343.0,561.0,337.0,551.0,-1.0,-1.0,0.0,0.0
326.0,527.0,326.0,527.0,326.0,527.0,2.07,2.07,0.0,0.0
338.0,555.0,335.0,521.0,336.0,538.0,-1.0,-1.0,0.0,0.0
340.0,550.0,319.0,500.0,329.0,525.0,-1.0,-1.0,0.0,0.0
314.0,494.0,314.0,494.0,314.0,494.0,1.88,1.88,0.0,0.0
323.0,542.0,313.0,491.0,318.0,516.0,-1.0,-1.0,0.0,0.0
323.0,563.0,322.0,550.0,322.0,556.0,-1.0,-1.0,0.0,0.0
321.0,565.0,321.0,565.0,321.0,565.0,1.93,1.93,0.0,0.0
335.0,562.0,315.0,566.0,325.0,564.0,-1.0,-1.0,0.0,0.0
333.0,546.0,317.0,561.0,325.0,553.0,-1.0,-1.0,0.0,0.0
319.0,551.0,319.0,551.0,319.0,551.0,2.08,2.08,0.0,0.0
332.0,554.0,333.0,554.0,332.0,554.0,-1.0,-1.0,0.0,0.0
336.0,552.0,325.0,543.0,330.0,547.0,-1.0,-1.0,0.0,0.0
325.0,543.0,325.0,543.0,325.0,543.0,2.31,2.31,0.0,0.0
338.0,555.0,331.0,545.0,334.0,550.0,-1.0,-1.0,0.0,0.0
-1.0,-1.0,-1.0,-1.0,-1.0,-1.0,-1.0,-1.0,-1.0,-1.0
-1.0,-1.0,-1.0,-1.0,-1.0,-1.0,-1.0,-1.0,-1.0,-1.0
382.0,579.0,382.0,579.0,382.0,579.0,-1.0,-1.0,0.0,0.0
360.0,562.0,429.0,570.0,394.0,566.0,-1.0,-1.0,0.0,0.0
429.0,569.0,429.0,569.0,429.0,569.0,3.27,3.27,0.0,0.0
435.0,550.0,435.0,550.0,435.0,550.0,-1.0,-1.0,0.0,0.0
450.0,504.0,446.0,537.0,448.0,520.0,-1.0,-1.0,0.0,0.0
-1.0,-1.0,-1.0,-1.0,-1.0,-1.0,-1.0,-1.0,-1.0,-1.0
448.0,532.0,453.0,546.0,450.0,539.0,-1.0,-1.0,0.0,0.0
449.0,532.0,456.0,555.0,452.0,543.0,-1.0,-1.0,0.0,0.0
-1.0,-1.0,-1.0,-1.0,-1.0,-1.0,-1.0,-1.0,-1.0,-1.0
435.0,529.0,455.0,543.0,445.0,536.0,-1.0,-1.0,0.0,0.0
426.0,530.0,440.0,542.0,433.0,536.0,-1.0,-1.0,0.0,0.0
425.0,566.0,425.0,566.0,425.0,566.0,2.08,2.08,0.0,0.0
434.0,559.0,434.0,559.0,434.0,559.0,-1.0,-1.0,0.0,0.0
432.0,514.0,450.0,555.0,441.0,534.0,-1.0,-1.0,0.0,0.0
456.0,552.0,456.0,552.0,456.0,552.0,2.26,2.26,0.0,0.0
442.0,557.0,442.0,557.0,442.0,557.0,-1.0,-1.0,0.0,0.0
433.0,572.0,442.0,560.0,437.0,566.0,-1.0,-1.0,0.0,0.0
-1.0,-1.0,-1.0,-1.0,-1.0,-1.0,-1.0,-1.0,-1.0,-1.0
444.0,562.0,437.0,527.0,440.0,544.0,-1.0,-1.0,0.0,0.0
454.0,543.0,423.0,550.0,438.0,546.0,-1.0,-1.0,0.0,0.0
423.0,550.0,423.0,550.0,423.0,550.0,2.54,2.54,0.0,0.0
454.0,543.0,431.0,562.0,442.0,552.0,-1.0,-1.0,0.0,0.0
442.0,551.0,466.0,550.0,454.0,550.0,-1.0,-1.0,0.0,0.0
-1.0,-1.0,-1.0,-1.0,-1.0,-1.0,-1.0,-1.0,-1.0,-1.0
434.0,560.0,466.0,539.0,450.0,549.0,-1.0,-1.0,0.0,0.0
435.0,554.0,449.0,607.0,442.0,580.0,-1.0,-1.0,0.0,0.0
440.0,639.0,440.0,639.0,440.0,639.0,2.19,2.19,0.0,0.0
418.0,549.0,440.0,639.0,429.0,594.0,-1.0,-1.0,0.0,0.0
424.0,545.0,436.0,552.0,430.0,548.0,-1.0,-1.0,0.0,0.0
436.0,553.0,436.0,553.0,436.0,553.0,1.84,1.84,0.0,0.0
443.0,541.0,438.0,553.0,440.0,547.0,-1.0,-1.0,0.0,0.0
436.0,552.0,442.0,551.0,439.0,551.0,-1.0,-1.0,0.0,0.0
438.0,547.0,438.0,547.0,438.0,547.0,2.01,2.01,0.0,0.0
413.0,556.0,429.0,542.0,421.0,549.0,-1.0,-1.0,0.0,0.0
415.0,545.0,419.0,552.0,417.0,548.0,-1.0,-1.0,0.0,0.0
430.0,561.0,430.0,561.0,430.0,561.0,2.16,2.16,0.0,0.0
429.0,564.0,429.0,564.0,429.0,564.0,-1.0,-1.0,0.0,0.0
427.0,567.0,427.0,567.0,427.0,567.0,-1.0,-1.0,0.0,0.0
-1.0,-1.0,-1.0,-1.0,-1.0,-1.0,-1.0,-1.0,-1.0,-1.0
434.0,547.0,442.0,559.0,438.0,553.0,-1.0,-1.0,0.0,0.0
435.0,547.0,432.0,566.0,433.0,556.0,-1.0,-1.0,0.0,0.0
441.0,560.0,441.0,560.0,441.0,560.0,2.41,2.41,0.0,0.0
441.0,514.0,431.0,549.0,436.0,531.0,-1.0,-1.0,0.0,0.0
442.0,509.0,436.0,541.0,439.0,525.0,-1.0,-1.0,0.0,0.0
-1.0,-1.0,-1.0,-1.0,-1.0,-1.0,-1.0,-1.0,-1.0,-1.0
423.0,500.0,444.0,549.0,433.0,524.0,-1.0,-1.0,0.0,0.0
419.0,502.0,419.0,502.0,419.0,502.0,-1.0,-1.0,0.0,0.0
440.0,549.0,440.0,549.0,440.0,549.0,2.04,2.04,0.0,0.0
435.0,525.0,430.0,543.0,432.0,534.0,-1.0,-1.0,0.0,0.0
428.0,543.0,422.0,542.0,425.0,542.0,-1.0,-1.0,0.0,0.0
424.0,537.0,424.0,537.0,424.0,537.0,2.41,2.41,0.0,0.0
427.0,543.0,438.0,580.0,432.0,561.0,-1.0,-1.0,0.0,0.0
443.0,524.0,443.0,573.0,443.0,548.0,-1.0,-1.0,0.0,0.0
-1.0,-1.0,-1.0,-1.0,-1.0,-1.0,-1.0,-1.0,-1.0,-1.0
423.0,535.0,449.0,521.0,436.0,528.0,-1.0,-1.0,0.0,0.0
418.0,557.0,418.0,557.0,418.0,557.0,-1.0,-1.0,0.0,0.0
449.0,522.0,449.0,522.0,449.0,522.0,2.15,2.15,0.0,0.0
473.0,542.0,488.0,545.0,480.0,543.0,-1.0,-1.0,0.0,0.0
557.0,520.0,554.0,532.0,555.0,526.0,-1.0,-1.0,0.0,0.0
554.0,532.0,554.0,532.0,554.0,532.0,2.94,2.94,0.0,0.0
573.0,524.0,555.0,523.0,564.0,523.0,-1.0,-1.0,0.0,0.0
594.0,564.0,558.0,533.0,576.0,548.0,-1.0,-1.0,0.0,0.0
-1.0,-1.0,-1.0,-1.0,-1.0,-1.0,-1.0,-1.0,-1.0,-1.0
590.0,563.0,570.0,544.0,580.0,553.0,-1.0,-1.0,0.0,0.0
575.0,542.0,575.0,542.0,575.0,542.0,-1.0,-1.0,0.0,0.0
-1.0,-1.0,-1.0,-1.0,-1.0,-1.0,-1.0,-1.0,-1.0,-1.0
587.0,563.0,559.0,525.0,573.0,544.0,-1.0,-1.0,0.0,0.0
565.0,513.0,565.0,513.0,565.0,513.0,-1.0,-1.0,0.0,0.0
565.0,513.0,565.0,513.0,565.0,513.0,2.39,2.39,0.0,0.0
564.0,512.0,564.0,512.0,564.0,512.0,-1.0,-1.0,0.0,0.0
572.0,542.0,571.0,525.0,571.0,533.0,-1.0,-1.0,0.0,0.0
571.0,525.0,571.0,525.0,571.0,525.0,2.79,2.79,0.0,0.0
565.0,534.0,570.0,526.0,567.0,530.0,-1.0,-1.0,0.0,0.0
564.0,544.0,564.0,544.0,564.0,544.0,-1.0,-1.0,0.0,0.0
570.0,526.0,570.0,526.0,570.0,526.0,2.54,2.54,0.0,0.0
590.0,553.0,587.0,541.0,588.0,547.0,-1.0,-1.0,0.0,0.0
599.0,531.0,577.0,528.0,588.0,529.0,-1.0,-1.0,0.0,0.0
-1.0,-1.0,-1.0,-1.0,-1.0,-1.0,-1.0,-1.0,-1.0,-1.0
564.0,508.0,564.0,508.0,564.0,508.0,-1.0,-1.0,0.0,0.0
584.0,535.0,561.0,519.0,572.0,527.0,-1.0,-1.0,0.0,0.0
-1.0,-1.0,-1.0,-1.0,-1.0,-1.0,-1.0,-1.0,-1.0,-1.0
576.0,532.0,560.0,530.0,568.0,531.0,-1.0,-1.0,0.0,0.0
587.0,535.0,565.0,517.0,576.0,526.0,-1.0,-1.0,0.0,0.0
565.0,517.0,565.0,517.0,565.0,517.0,2.71,2.71,0.0,0.0
585.0,537.0,583.0,524.0,584.0,530.0,-1.0,-1.0,0.0,0.0
588.0,545.0,579.0,542.0,583.0,543.0,-1.0,-1.0,0.0,0.0
579.0,542.0,579.0,542.0,579.0,542.0,2.76,2.76,0.0,0.0
604.0,536.0,565.0,530.0,584.0,533.0,-1.0,-1.0,0.0,0.0
595.0,526.0,551.0,518.0,573.0,522.0,-1.0,-1.0,0.0,0.0
-1.0,-1.0,-1.0,-1.0,-1.0,-1.0,-1.0,-1.0,-1.0,-1.0
590.0,531.0,561.0,536.0,575.0,533.0,-1.0,-1.0,0.0,0.0
597.0,528.0,573.0,554.0,585.0,541.0,-1.0,-1.0,0.0,0.0
-1.0,-1.0,-1.0,-1.0,-1.0,-1.0,-1.0,-1.0,-1.0,-1.0
557.0,520.0,557.0,542.0,557.0,531.0,-1.0,-1.0,0.0,0.0
559.0,526.0,564.0,526.0,561.0,526.0,-1.0,-1.0,0.0,0.0
568.0,532.0,568.0,532.0,568.0,532.0,2.05,2.05,0.0,0.0
583.0,529.0,576.0,529.0,579.0,529.0,-1.0,-1.0,0.0,0.0
581.0,533.0,548.0,506.0,564.0,519.0,-1.0,-1.0,0.0,0.0
537.0,517.0,537.0,517.0,537.0,517.0,2.23,2.23,0.0,0.0
543.0,495.0,543.0,495.0,543.0,495.0,-1.0,-1.0,0.0,0.0
579.0,542.0,562.0,505.0,570.0,523.0,-1.0,-1.0,0.0,0.0
561.0,502.0,561.0,502.0,561.0,502.0,1.89,1.89,0.0,0.0
568.0,501.0,568.0,501.0,568.0,501.0,-1.0,-1.0,0.0,0.0
603.0,591.0,577.0,504.0,590.0,547.0,-1.0,-1.0,0.0,0.0
578.0,506.0,578.0,506.0,578.0,506.0,2.3,2.3,0.0,0.0
586.0,556.0,569.0,529.0,577.0,542.0,-1.0,-1.0,0.0,0.0
585.0,528.0,585.0,528.0,585.0,528.0,-1.0,-1.0,0.0,0.0
568.0,529.0,568.0,529.0,568.0,529.0,2.69,2.69,0.0,0.0
631.0,509.0,631.0,509.0,631.0,509.0,-1.0,-1.0,0.0,0.0
629.0,520.0,689.0,512.0,659.0,516.0,-1.0,-1.0,0.0,0.0
-1.0,-1.0,-1.0,-1.0,-1.0,-1.0,-1.0,-1.0,-1.0,-1.0
730.0,507.0,715.0,505.0,722.0,506.0,-1.0,-1.0,0.0,0.0
728.0,515.0,714.0,508.0,721.0,511.0,-1.0,-1.0,0.0,0.0
713.0,508.0,713.0,508.0,713.0,508.0,2.82,2.82,0.0,0.0
731.0,501.0,700.0,504.0,715.0,502.0,-1.0,-1.0,0.0,0.0
722.0,504.0,722.0,504.0,722.0,504.0,-1.0,-1.0,0.0,0.0
699.0,518.0,699.0,518.0,699.0,518.0,2.03,2.03,0.0,0.0
706.0,507.0,717.0,532.0,711.0,519.0,-1.0,-1.0,0.0,0.0
708.0,487.0,704.0,544.0,706.0,515.0,-1.0,-1.0,0.0,0.0
708.0,529.0,708.0,529.0,708.0,529.0,1.84,1.84,0.0,0.0
693.0,488.0,693.0,488.0,693.0,488.0,-1.0,-1.0,0.0,0.0
716.0,494.0,716.0,494.0,716.0,494.0,-1.0,-1.0,0.0,0.0
711.0,502.0,711.0,502.0,711.0,502.0,1.71,1.71,0.0,0.0
726.0,499.0,713.0,511.0,719.0,505.0,-1.0,-1.0,0.0,0.0
720.0,503.0,720.0,503.0,720.0,503.0,-1.0,-1.0,0.0,0.0
701.0,505.0,701.0,505.0,701.0,505.0,2.73,2.73,0.0,0.0
713.0,509.0,713.0,509.0,713.0,509.0,-1.0,-1.0,0.0,0.0
727.0,510.0,727.0,510.0,727.0,510.0,-1.0,-1.0,0.0,0.0
713.0,509.0,713.0,509.0,713.0,509.0,2.93,2.93,0.0,0.0
740.0,517.0,715.0,511.0,727.0,514.0,-1.0,-1.0,0.0,0.0
737.0,504.0,727.0,524.0,732.0,514.0,-1.0,-1.0,0.0,0.0
-1.0,-1.0,-1.0,-1.0,-1.0,-1.0,-1.0,-1.0,-1.0,-1.0
733.0,537.0,733.0,537.0,733.0,537.0,-1.0,-1.0,0.0,0.0
741.0,519.0,737.0,531.0,739.0,525.0,-1.0,-1.0,0.0,0.0
-1.0,-1.0,-1.0,-1.0,-1.0,-1.0,-1.0,-1.0,-1.0,-1.0
741.0,506.0,717.0,524.0,729.0,515.0,-1.0,-1.0,0.0,0.0
721.0,505.0,736.0,515.0,728.0,510.0,-1.0,-1.0,0.0,0.0
-1.0,-1.0,-1.0,-1.0,-1.0,-1.0,-1.0,-1.0,-1.0,-1.0
732.0,521.0,734.0,501.0,733.0,511.0,-1.0,-1.0,0.0,0.0
726.0,528.0,738.0,503.0,732.0,515.0,-1.0,-1.0,0.0,0.0
735.0,503.0,735.0,503.0,735.0,503.0,2.57,2.57,0.0,0.0
714.0,517.0,743.0,502.0,728.0,509.0,-1.0,-1.0,0.0,0.0
711.0,517.0,711.0,517.0,711.0,517.0,-1.0,-1.0,0.0,0.0
-1.0,-1.0,-1.0,-1.0,-1.0,-1.0,-1.0,-1.0,-1.0,-1.0
725.0,529.0,754.0,525.0,739.0,527.0,-1.0,-1.0,0.0,0.0
762.0,523.0,768.0,532.0,765.0,527.0,-1.0,-1.0,0.0,0.0
-1.0,-1.0,-1.0,-1.0,-1.0,-1.0,-1.0,-1.0,-1.0,-1.0
824.0,508.0,811.0,514.0,817.0,511.0,-1.0,-1.0,0.0,0.0
854.0,503.0,807.0,535.0,830.0,519.0,-1.0,-1.0,0.0,0.0
-1.0,-1.0,-1.0,-1.0,-1.0,-1.0,-1.0,-1.0,-1.0,-1.0
832.0,547.0,832.0,547.0,832.0,547.0,-1.0,-1.0,0.0,0.0
834.0,512.0,839.0,526.0,836.0,519.0,-1.0,-1.0,0.0,0.0
-1.0,-1.0,-1.0,-1.0,-1.0,-1.0,-1.0,-1.0,-1.0,-1.0
828.0,512.0,828.0,512.0,828.0,512.0,-1.0,-1.0,0.0,0.0
839.0,538.0,839.0,538.0,839.0,538.0,-1.0,-1.0,0.0,0.0
828.0,512.0,828.0,512.0,828.0,512.0,2.78,2.78,0.0,0.0
829.0,530.0,830.0,525.0,829.0,527.0,-1.0,-1.0,0.0,0.0
840.0,506.0,826.0,538.0,833.0,522.0,-1.0,-1.0,0.0,0.0
-1.0,-1.0,-1.0,-1.0,-1.0,-1.0,-1.0,-1.0,-1.0,-1.0
808.0,526.0,808.0,526.0,808.0,526.0,-1.0,-1.0,0.0,0.0
837.0,524.0,792.0,529.0,814.0,526.0,-1.0,-1.0,0.0,0.0
793.0,531.0,793.0,531.0,793.0,531.0,3.11,3.11,0.0,0.0
808.0,528.0,820.0,571.0,814.0,549.0,-1.0,-1.0,0.0,0.0
819.0,522.0,838.0,549.0,828.0,535.0,-1.0,-1.0,0.0,0.0
-1.0,-1.0,-1.0,-1.0,-1.0,-1.0,-1.0,-1.0,-1.0,-1.0
820.0,531.0,839.0,520.0,829.0,525.0,-1.0,-1.0,0.0,0.0
812.0,518.0,812.0,518.0,812.0,518.0,-1.0,-1.0,0.0,0.0
-1.0,-1.0,-1.0,-1.0,-1.0,-1.0,-1.0,-1.0,-1.0,-1.0
826.0,523.0,826.0,523.0,826.0,523.0,-1.0,-1.0,0.0,0.0
825.0,524.0,830.0,522.0,827.0,523.0,-1.0,-1.0,0.0,0.0
-1.0,-1.0,-1.0,-1.0,-1.0,-1.0,-1.0,-1.0,-1.0,-1.0
832.0,512.0,832.0,533.0,832.0,522.0,-1.0,-1.0,0.0,0.0
794.0,530.0,835.0,539.0,814.0,534.0,-1.0,-1.0,0.0,0.0
835.0,539.0,835.0,539.0,835.0,539.0,2.88,2.88,0.0,0.0
811.0,534.0,835.0,519.0,823.0,526.0,-1.0,-1.0,0.0,0.0
828.0,533.0,824.0,533.0,826.0,533.0,-1.0,-1.0,0.0,0.0
-1.0,-1.0,-1.0,-1.0,-1.0,-1.0,-1.0,-1.0,-1.0,-1.0
805.0,526.0,829.0,539.0,817.0,532.0,-1.0,-1.0,0.0,0.0
807.0,522.0,831.0,513.0,819.0,517.0,-1.0,-1.0,0.0,0.0
-1.0,-1.0,-1.0,-1.0,-1.0,-1.0,-1.0,-1.0,-1.0,-1.0
839.0,525.0,831.0,503.0,835.0,514.0,-1.0,-1.0,0.0,0.0
853.0,521.0,878.0,528.0,865.0,524.0,-1.0,-1.0,0.0,0.0
-1.0,-1.0,-1.0,-1.0,-1.0,-1.0,-1.0,-1.0,-1.0,-1.0
893.0,523.0,900.0,514.0,896.0,518.0,-1.0,-1.0,0.0,0.0
907.0,513.0,896.0,491.0,901.0,502.0,-1.0,-1.0,0.0,0.0
-1.0,-1.0,-1.0,-1.0,-1.0,-1.0,-1.0,-1.0,-1.0,-1.0
905.0,517.0,894.0,517.0,899.0,517.0,-1.0,-1.0,0.0,0.0
899.0,529.0,889.0,535.0,894.0,532.0,-1.0,-1.0,0.0,0.0
890.0,535.0,890.0,535.0,890.0,535.0,2.55,2.55,0.0,0.0
892.0,519.0,852.0,619.0,872.0,569.0,-1.0,-1.0,0.0,0.0
895.0,523.0,889.0,504.0,892.0,513.0,-1.0,-1.0,0.0,0.0
-1.0,-1.0,-1.0,-1.0,-1.0,-1.0,-1.0,-1.0,-1.0,-1.0
893.0,509.0,893.0,509.0,893.0,509.0,-1.0,-1.0,0.0,0.0
895.0,524.0,886.0,499.0,890.0,511.0,-1.0,-1.0,0.0,0.0
-1.0,-1.0,-1.0,-1.0,-1.0,-1.0,-1.0,-1.0,-1.0,-1.0
864.0,517.0,864.0,517.0,864.0,517.0,-1.0,-1.0,0.0,0.0
907.0,493.0,875.0,539.0,891.0,516.0,-1.0,-1.0,0.0,0.0
-1.0,-1.0,-1.0,-1.0,-1.0,-1.0,-1.0,-1.0,-1.0,-1.0
902.0,541.0,902.0,541.0,902.0,541.0,-1.0,-1.0,0.0,0.0
908.0,536.0,897.0,516.0,902.0,526.0,-1.0,-1.0,0.0,0.0
-1.0,-1.0,-1.0,-1.0,-1.0,-1.0,-1.0,-1.0,-1.0,-1.0
889.0,537.0,911.0,515.0,900.0,526.0,-1.0,-1.0,0.0,0.0
920.0,518.0,920.0,518.0,920.0,518.0,-1.0,-1.0,0.0,0.0
-1.0,-1.0,-1.0,-1.0,-1.0,-1.0,-1.0,-1.0,-1.0,-1.0
922.0,518.0,906.0,531.0,914.0,524.0,-1.0,-1.0,0.0,0.0
894.0,522.0,894.0,522.0,894.0,522.0,-1.0,-1.0,0.0,0.0
-1.0,-1.0,-1.0,-1.0,-1.0,-1.0,-1.0,-1.0,-1.0,-1.0
859.0,522.0,859.0,522.0,859.0,522.0,-1.0,-1.0,0.0,0.0
890.0,527.0,872.0,531.0,881.0,529.0,-1.0,-1.0,0.0,0.0
872.0,531.0,872.0,531.0,872.0,531.0,2.67,2.67,0.0,0.0
880.0,517.0,852.0,506.0,866.0,511.0,-1.0,-1.0,0.0,0.0
870.0,525.0,815.0,647.0,842.0,586.0,-1.0,-1.0,0.0,0.0
-1.0,-1.0,-1.0,-1.0,-1.0,-1.0,-1.0,-1.0,-1.0,-1.0
825.0,651.0,825.0,651.0,825.0,651.0,-1.0,-1.0,0.0,0.0
873.0,525.0,865.0,529.0,869.0,527.0,-1.0,-1.0,0.0,0.0
-1.0,-1.0,-1.0,-1.0,-1.0,-1.0,-1.0,-1.0,-1.0,-1.0
890.0,549.0,890.0,549.0,890.0,549.0,-1.0,-1.0,0.0,0.0
985.0,516.0,934.0,540.0,959.0,528.0,-1.0,-1.0,0.0,0.0
933.0,539.0,933.0,539.0,933.0,539.0,2.72,2.72,0.0,0.0
978.0,523.0,978.0,523.0,978.0,523.0,-1.0,-1.0,0.0,0.0
1008.0,525.0,949.0,543.0,978.0,534.0,-1.0,-1.0,0.0,0.0
-1.0,-1.0,-1.0,-1.0,-1.0,-1.0,-1.0,-1.0,-1.0,-1.0
1017.0,521.0,1017.0,521.0,1017.0,521.0,-1.0,-1.0,0.0,0.0
1005.0,527.0,968.0,566.0,986.0,546.0,-1.0,-1.0,0.0,0.0
-1.0,-1.0,-1.0,-1.0,-1.0,-1.0,-1.0,-1.0,-1.0,-1.0
976.0,533.0,976.0,533.0,976.0,533.0,-1.0,-1.0,0.0,0.0
1014.0,541.0,999.0,522.0,1006.0,531.0,-1.0,-1.0,0.0,0.0
1014.0,541.0,999.0,523.0,1006.0,532.0,3.57,2.64,0.0,0.0
990.0,526.0,990.0,526.0,990.0,526.0,-1.0,-1.0,0.0,0.0
1016.0,542.0,1005.0,512.0,1010.0,527.0,-1.0,-1.0,0.0,0.0
1016.0,542.0,1005.0,512.0,1010.0,527.0,3.0,2.63,0.0,0.0
996.0,530.0,1009.0,523.0,1002.0,526.0,-1.0,-1.0,0.0,0.0
986.0,521.0,983.0,538.0,984.0,529.0,-1.0,-1.0,0.0,0.0
-1.0,-1.0,-1.0,-1.0,-1.0,-1.0,-1.0,-1.0,-1.0,-1.0
990.0,540.0,987.0,520.0,988.0,530.0,-1.0,-1.0,0.0,0.0
1010.0,536.0,999.0,522.0,1004.0,529.0,-1.0,-1.0,0.0,0.0
1011.0,535.0,999.0,523.0,1005.0,529.0,3.7,2.36,0.0,0.0
980.0,515.0,980.0,515.0,980.0,515.0,-1.0,-1.0,0.0,0.0
1005.0,544.0,966.0,509.0,985.0,526.0,-1.0,-1.0,0.0,0.0
-1.0,-1.0,-1.0,-1.0,-1.0,-1.0,-1.0,-1.0,-1.0,-1.0
968.0,523.0,944.0,520.0,956.0,521.0,-1.0,-1.0,0.0,0.0
899.0,517.0,914.0,502.0,906.0,509.0,-1.0,-1.0,0.0,0.0
-1.0,-1.0,-1.0,-1.0,-1.0,-1.0,-1.0,-1.0,-1.0,-1.0
906.0,514.0,928.0,514.0,917.0,514.0,-1.0,-1.0,0.0,0.0
912.0,517.0,912.0,517.0,912.0,517.0,-1.0,-1.0,0.0,0.0
-1.0,-1.0,-1.0,-1.0,-1.0,-1.0,-1.0,-1.0,-1.0,-1.0
904.0,522.0,922.0,519.0,913.0,520.0,-1.0,-1.0,0.0,0.0
905.0,527.0,923.0,518.0,914.0,522.0,-1.0,-1.0,0.0,0.0
-1.0,-1.0,-1.0,-1.0,-1.0,-1.0,-1.0,-1.0,-1.0,-1.0
900.0,514.0,912.0,499.0,906.0,506.0,-1.0,-1.0,0.0,0.0
888.0,506.0,909.0,499.0,898.0,502.0,-1.0,-1.0,0.0,0.0
-1.0,-1.0,-1.0,-1.0,-1.0,-1.0,-1.0,-1.0,-1.0,-1.0
886.0,510.0,909.0,500.0,897.0,505.0,-1.0,-1.0,0.0,0.0
898.0,517.0,906.0,518.0,902.0,517.0,-1.0,-1.0,0.0,0.0
-1.0,-1.0,-1.0,-1.0,-1.0,-1.0,-1.0,-1.0,-1.0,-1.0
912.0,520.0,930.0,517.0,921.0,518.0,-1.0,-1.0,0.0,0.0
962.0,518.0,981.0,519.0,971.0,518.0,-1.0,-1.0,0.0,0.0
879.0,597.0,879.0,597.0,879.0,597.0,3.8,3.8,0.0,0.0
1054.0,533.0,1060.0,550.0,1057.0,541.0,-1.0,-1.0,0.0,0.0
1096.0,545.0,1095.0,547.0,1095.0,546.0,-1.0,-1.0,0.0,0.0
1095.0,545.0,1095.0,545.0,1095.0,545.0,3.78,3.78,0.0,0.0
1105.0,516.0,1105.0,546.0,1105.0,531.0,-1.0,-1.0,0.0,0.0
1107.0,528.0,1133.0,535.0,1120.0,531.0,-1.0,-1.0,0.0,0.0
-1.0,-1.0,-1.0,-1.0,-1.0,-1.0,-1.0,-1.0,-1.0,-1.0
1103.0,531.0,1122.0,528.0,1112.0,529.0,-1.0,-1.0,0.0,0.0
1120.0,507.0,1126.0,530.0,1123.0,518.0,-1.0,-1.0,0.0,0.0
-1.0,-1.0,-1.0,-1.0,-1.0,-1.0,-1.0,-1.0,-1.0,-1.0
1124.0,505.0,1134.0,512.0,1129.0,508.0,-1.0,-1.0,0.0,0.0
1127.0,525.0,1137.0,510.0,1132.0,517.0,-1.0,-1.0,0.0,0.0
-1.0,-1.0,-1.0,-1.0,-1.0,-1.0,-1.0,-1.0,-1.0,-1.0
1116.0,514.0,1116.0,514.0,1116.0,514.0,-1.0,-1.0,0.0,0.0
1128.0,512.0,1109.0,526.0,1118.0,519.0,-1.0,-1.0,0.0,0.0
1109.0,526.0,1109.0,526.0,1109.0,526.0,2.78,2.78,0.0,0.0
1113.0,525.0,1113.0,525.0,1113.0,525.0,-1.0,-1.0,0.0,0.0
1163.0,556.0,1163.0,556.0,1163.0,556.0,-1.0,-1.0,0.0,0.0
-1.0,-1.0,-1.0,-1.0,-1.0,-1.0,-1.0,-1.0,-1.0,-1.0
1128.0,523.0,1134.0,544.0,1131.0,533.0,-1.0,-1.0,0.0,0.0
1136.0,508.0,1150.0,533.0,1143.0,520.0,-1.0,-1.0,0.0,0.0
1136.0,508.0,1136.0,508.0,1136.0,508.0,3.17,3.17,0.0,0.0
1150.0,502.0,1150.0,502.0,1150.0,502.0,-1.0,-1.0,0.0,0.0
1127.0,514.0,1139.0,513.0,1133.0,513.0,-1.0,-1.0,0.0,0.0
-1.0,-1.0,-1.0,-1.0,-1.0,-1.0,-1.0,-1.0,-1.0,-1.0
1124.0,518.0,1124.0,518.0,1124.0,518.0,-1.0,-1.0,0.0,0.0
1184.0,536.0,1124.0,506.0,1154.0,521.0,-1.0,-1.0,0.0,0.0
-1.0,-1.0,-1.0,-1.0,-1.0,-1.0,-1.0,-1.0,-1.0,-1.0
1139.0,505.0,1139.0,505.0,1139.0,505.0,-1.0,-1.0,0.0,0.0
1112.0,504.0,1138.0,529.0,1125.0,516.0,-1.0,-1.0,0.0,0.0
1112.0,504.0,1112.0,504.0,1112.0,504.0,3.43,3.43,0.0,0.0
1124.0,512.0,1124.0,512.0,1124.0,512.0,-1.0,-1.0,0.0,0.0
1119.0,512.0,1167.0,526.0,1143.0,519.0,-1.0,-1.0,0.0,0.0
-1.0,-1.0,-1.0,-1.0,-1.0,-1.0,-1.0,-1.0,-1.0,-1.0
1154.0,512.0,1183.0,520.0,1168.0,516.0,-1.0,-1.0,0.0,0.0
1212.0,502.0,1253.0,518.0,1232.0,510.0,-1.0,-1.0,0.0,0.0
1213.0,504.0,1213.0,504.0,1213.0,504.0,3.17,3.17,0.0,0.0
1244.0,529.0,1244.0,529.0,1244.0,529.0,-1.0,-1.0,0.0,0.0
1213.0,515.0,1236.0,516.0,1224.0,515.0,-1.0,-1.0,0.0,0.0
-1.0,-1.0,-1.0,-1.0,-1.0,-1.0,-1.0,-1.0,-1.0,-1.0
1236.0,523.0,1247.0,513.0,1241.0,518.0,-1.0,-1.0,0.0,0.0
1233.0,507.0,1237.0,529.0,1235.0,518.0,-1.0,-1.0,0.0,0.0
-1.0,-1.0,-1.0,-1.0,-1.0,-1.0,-1.0,-1.0,-1.0,-1.0
1192.0,496.0,1244.0,497.0,1218.0,496.0,-1.0,-1.0,0.0,0.0
1192.0,481.0,1264.0,485.0,1228.0,483.0,-1.0,-1.0,0.0,0.0
-1.0,-1.0,-1.0,-1.0,-1.0,-1.0,-1.0,-1.0,-1.0,-1.0
1211.0,492.0,1256.0,500.0,1233.0,496.0,-1.0,-1.0,0.0,0.0
1209.0,512.0,1248.0,496.0,1228.0,504.0,-1.0,-1.0,0.0,0.0
-1.0,-1.0,-1.0,-1.0,-1.0,-1.0,-1.0,-1.0,-1.0,-1.0
1163.0,490.0,1255.0,525.0,1209.0,507.0,-1.0,-1.0,0.0,0.0
1161.0,481.0,1251.0,535.0,1206.0,508.0,-1.0,-1.0,0.0,0.0
-1.0,-1.0,-1.0,-1.0,-1.0,-1.0,-1.0,-1.0,-1.0,-1.0
1240.0,532.0,1240.0,532.0,1240.0,532.0,-1.0,-1.0,0.0,0.0
1170.0,473.0,1239.0,538.0,1204.0,505.0,-1.0,-1.0,0.0,0.0
-1.0,-1.0,-1.0,-1.0,-1.0,-1.0,-1.0,-1.0,-1.0,-1.0
1240.0,521.0,1240.0,521.0,1240.0,521.0,-1.0,-1.0,0.0,0.0
1278.0,509.0,1219.0,517.0,1248.0,513.0,-1.0,-1.0,0.0,0.0
-1.0,-1.0,-1.0,-1.0,-1.0,-1.0,-1.0,-1.0,-1.0,-1.0
1245.0,475.0,1213.0,527.0,1229.0,501.0,-1.0,-1.0,0.0,0.0
1221.0,500.0,1245.0,538.0,1233.0,519.0,-1.0,-1.0,0.0,0.0
-1.0,-1.0,-1.0,-1.0,-1.0,-1.0,-1.0,-1.0,-1.0,-1.0
1210.0,512.0,1243.0,543.0,1226.0,527.0,-1.0,-1.0,0.0,0.0
1221.0,527.0,1228.0,542.0,1224.0,534.0,-1.0,-1.0,0.0,0.0
-1.0,-1.0,-1.0,-1.0,-1.0,-1.0,-1.0,-1.0,-1.0,-1.0
1233.0,516.0,1244.0,533.0,1238.0,524.0,-1.0,-1.0,0.0,0.0
1232.0,500.0,1229.0,531.0,1230.0,515.0,-1.0,-1.0,0.0,0.0
-1.0,-1.0,-1.0,-1.0,-1.0,-1.0,-1.0,-1.0,-1.0,-1.0
1203.0,495.0,1212.0,543.0,1207.0,519.0,-1.0,-1.0,0.0,0.0
1191.0,520.0,1212.0,545.0,1201.0,532.0,-1.0,-1.0,0.0,0.0
-1.0,-1.0,-1.0,-1.0,-1.0,-1.0,-1.0,-1.0,-1.0,-1.0
1237.0,543.0,1240.0,520.0,1238.0,531.0,-1.0,-1.0,0.0,0.0
1328.0,516.0,1319.0,504.0,1323.0,510.0,-1.0,-1.0,0.0,0.0
-1.0,-1.0,-1.0,-1.0,-1.0,-1.0,-1.0,-1.0,-1.0,-1.0
1341.0,488.0,1366.0,514.0,1353.0,501.0,-1.0,-1.0,0.0,0.0
1346.0,490.0,1386.0,523.0,1366.0,506.0,-1.0,-1.0,0.0,0.0
1318.0,676.0,1318.0,676.0,1318.0,676.0,2.73,2.73,0.0,0.0
1390.0,530.0,1376.0,558.0,1383.0,544.0,-1.0,-1.0,0.0,0.0
1409.0,513.0,1352.0,566.0,1380.0,539.0,-1.0,-1.0,0.0,0.0
-1.0,-1.0,-1.0,-1.0,-1.0,-1.0,-1.0,-1.0,-1.0,-1.0
1396.0,506.0,1358.0,554.0,1377.0,530.0,-1.0,-1.0,0.0,0.0
1393.0,496.0,1376.0,553.0,1384.0,524.0,-1.0,-1.0,0.0,0.0
1392.0,496.0,1392.0,496.0,1392.0,496.0,1.61,1.61,0.0,0.0
1368.0,565.0,1368.0,565.0,1368.0,565.0,-1.0,-1.0,0.0,0.0
1400.0,567.0,1364.0,572.0,1382.0,569.0,-1.0,-1.0,0.0,0.0
-1.0,-1.0,-1.0,-1.0,-1.0,-1.0,-1.0,-1.0,-1.0,-1.0
1396.0,555.0,1386.0,545.0,1391.0,550.0,-1.0,-1.0,0.0,0.0
1378.0,553.0,1382.0,542.0,1380.0,547.0,-1.0,-1.0,0.0,0.0
-1.0,-1.0,-1.0,-1.0,-1.0,-1.0,-1.0,-1.0,-1.0,-1.0
1375.0,491.0,1358.0,539.0,1366.0,515.0,-1.0,-1.0,0.0,0.0
1395.0,513.0,1363.0,531.0,1379.0,522.0,-1.0,-1.0,0.0,0.0
-1.0,-1.0,-1.0,-1.0,-1.0,-1.0,-1.0,-1.0,-1.0,-1.0
1358.0,532.0,1358.0,532.0,1358.0,532.0,-1.0,-1.0,0.0,0.0
1392.0,526.0,1364.0,538.0,1378.0,532.0,-1.0,-1.0,0.0,0.0
-1.0,-1.0,-1.0,-1.0,-1.0,-1.0,-1.0,-1.0,-1.0,-1.0
1388.0,517.0,1369.0,554.0,1378.0,535.0,-1.0,-1.0,0.0,0.0
1382.0,521.0,1364.0,562.0,1373.0,541.0,-1.0,-1.0,0.0,0.0
1370.0,513.0,1370.0,513.0,1370.0,513.0,1.57,1.57,0.0,0.0
1364.0,530.0,1362.0,566.0,1363.0,548.0,-1.0,-1.0,0.0,0.0
1355.0,528.0,1355.0,560.0,1355.0,544.0,-1.0,-1.0,0.0,0.0
-1.0,-1.0,-1.0,-1.0,-1.0,-1.0,-1.0,-1.0,-1.0,-1.0
1358.0,533.0,1373.0,544.0,1365.0,538.0,-1.0,-1.0,0.0,0.0
1384.0,525.0,1381.0,554.0,1382.0,539.0,-1.0,-1.0,0.0,0.0
-1.0,-1.0,-1.0,-1.0,-1.0,-1.0,-1.0,-1.0,-1.0,-1.0
1368.0,488.0,1366.0,562.0,1367.0,525.0,-1.0,-1.0,0.0,0.0
1315.0,474.0,1352.0,522.0,1333.0,498.0,-1.0,-1.0,0.0,0.0
-1.0,-1.0,-1.0,-1.0,-1.0,-1.0,-1.0,-1.0,-1.0,-1.0
-1.0,-1.0,-1.0,-1.0,-1.0,-1.0,-1.0,-1.0,-1.0,-1.0
1311.0,483.0,1343.0,534.0,1327.0,508.0,-1.0,-1.0,0.0,0.0
-1.0,-1.0,-1.0,-1.0,-1.0,-1.0,-1.0,-1.0,-1.0,-1.0
1325.0,528.0,1336.0,514.0,1330.0,521.0,-1.0,-1.0,0.0,0.0
1324.0,543.0,1346.0,504.0,1335.0,523.0,-1.0,-1.0,0.0,0.0
1346.0,504.0,1346.0,504.0,1346.0,504.0,1.91,1.91,0.0,0.0
1337.0,553.0,1345.0,511.0,1341.0,532.0,-1.0,-1.0,0.0,0.0
1317.0,500.0,1340.0,518.0,1328.0,509.0,-1.0,-1.0,0.0,0.0
-1.0,-1.0,-1.0,-1.0,-1.0,-1.0,-1.0,-1.0,-1.0,-1.0
1330.0,513.0,1337.0,535.0,1333.0,524.0,-1.0,-1.0,0.0,0.0
1343.0,517.0,1319.0,533.0,1331.0,525.0,-1.0,-1.0,0.0,0.0
-1.0,-1.0,-1.0,-1.0,-1.0,-1.0,-1.0,-1.0,-1.0,-1.0
1308.0,543.0,1308.0,543.0,1308.0,543.0,-1.0,-1.0,0.0,0.0
1354.0,525.0,1326.0,559.0,1340.0,542.0,-1.0,-1.0,0.0,0.0
-1.0,-1.0,-1.0,-1.0,-1.0,-1.0,-1.0,-1.0,-1.0,-1.0
1391.0,541.0,1372.0,548.0,1381.0,544.0,-1.0,-1.0,0.0,0.0
1488.0,547.0,1483.0,515.0,1485.0,531.0,-1.0,-1.0,0.0,0.0
-1.0,-1.0,-1.0,-1.0,-1.0,-1.0,-1.0,-1.0,-1.0,-1.0
1495.0,565.0,1507.0,522.0,1501.0,543.0,-1.0,-1.0,0.0,0.0
1504.0,563.0,1504.0,535.0,1504.0,549.0,-1.0,-1.0,0.0,0.0
-1.0,-1.0,-1.0,-1.0,-1.0,-1.0,-1.0,-1.0,-1.0,-1.0
1507.0,555.0,1491.0,541.0,1499.0,548.0,-1.0,-1.0,0.0,0.0
1502.0,550.0,1486.0,537.0,1494.0,543.0,-1.0,-1.0,0.0,0.0
1502.0,549.0,1502.0,549.0,1502.0,549.0,2.31,2.31,0.0,0.0
1504.0,541.0,1491.0,522.0,1497.0,531.0,-1.0,-1.0,0.0,0.0
1510.0,541.0,1503.0,517.0,1506.0,529.0,-1.0,-1.0,0.0,0.0
-1.0,-1.0,-1.0,-1.0,-1.0,-1.0,-1.0,-1.0,-1.0,-1.0
1503.0,548.0,1509.0,516.0,1506.0,532.0,-1.0,-1.0,0.0,0.0
1497.0,557.0,1501.0,525.0,1499.0,541.0,-1.0,-1.0,0.0,0.0
-1.0,-1.0,-1.0,-1.0,-1.0,-1.0,-1.0,-1.0,-1.0,-1.0
1498.0,563.0,1483.0,554.0,1490.0,558.0,-1.0,-1.0,0.0,0.0
1523.0,541.0,1482.0,559.0,1502.0,550.0,-1.0,-1.0,0.0,0.0
-1.0,-1.0,-1.0,-1.0,-1.0,-1.0,-1.0,-1.0,-1.0,-1.0
1482.0,547.0,1482.0,547.0,1482.0,547.0,-1.0,-1.0,0.0,0.0
1494.0,546.0,1492.0,551.0,1493.0,548.0,-1.0,-1.0,0.0,0.0
-1.0,-1.0,-1.0,-1.0,-1.0,-1.0,-1.0,-1.0,-1.0,-1.0
1486.0,513.0,1490.0,569.0,1488.0,541.0,-1.0,-1.0,0.0,0.0
1495.0,500.0,1473.0,567.0,1484.0,533.0,-1.0,-1.0,0.0,0.0
-1.0,-1.0,-1.0,-1.0,-1.0,-1.0,-1.0,-1.0,-1.0,-1.0
1505.0,541.0,1482.0,562.0,1493.0,551.0,-1.0,-1.0,0.0,0.0
1482.0,548.0,1481.0,571.0,1481.0,559.0,-1.0,-1.0,0.0,0.0
-1.0,-1.0,-1.0,-1.0,-1.0,-1.0,-1.0,-1.0,-1.0,-1.0
1467.0,572.0,1481.0,562.0,1474.0,567.0,-1.0,-1.0,0.0,0.0
1502.0,550.0,1471.0,557.0,1486.0,553.0,-1.0,-1.0,0.0,0.0
-1.0,-1.0,-1.0,-1.0,-1.0,-1.0,-1.0,-1.0,-1.0,-1.0
1512.0,532.0,1475.0,563.0,1493.0,547.0,-1.0,-1.0,0.0,0.0
1504.0,554.0,1488.0,553.0,1496.0,553.0,-1.0,-1.0,0.0,0.0
-1.0,-1.0,-1.0,-1.0,-1.0,-1.0,-1.0,-1.0,-1.0,-1.0
1489.0,544.0,1489.0,544.0,1489.0,544.0,-1.0,-1.0,0.0,0.0
1496.0,545.0,1483.0,553.0,1489.0,549.0,-1.0,-1.0,0.0,0.0
-1.0,-1.0,-1.0,-1.0,-1.0,-1.0,-1.0,-1.0,-1.0,-1.0
1490.0,517.0,1489.0,539.0,1489.0,528.0,-1.0,-1.0,0.0,0.0
1489.0,524.0,1483.0,552.0,1486.0,538.0,-1.0,-1.0,0.0,0.0
1381.0,649.0,1381.0,649.0,1381.0,649.0,2.42,2.42,0.0,0.0
1499.0,538.0,1485.0,565.0,1492.0,551.0,-1.0,-1.0,0.0,0.0
1527.0,540.0,1494.0,549.0,1510.0,544.0,-1.0,-1.0,0.0,0.0
-1.0,-1.0,-1.0,-1.0,-1.0,-1.0,-1.0,-1.0,-1.0,-1.0
1545.0,541.0,1490.0,545.0,1517.0,543.0,-1.0,-1.0,0.0,0.0
1392.0,656.0,1479.0,549.0,1435.0,602.0,-1.0,-1.0,0.0,0.0
-1.0,-1.0,-1.0,-1.0,-1.0,-1.0,-1.0,-1.0,-1.0,-1.0
1502.0,545.0,1495.0,544.0,1498.0,544.0,-1.0,-1.0,0.0,0.0
1567.0,536.0,1552.0,532.0,1559.0,534.0,-1.0,-1.0,0.0,0.0
-1.0,-1.0,-1.0,-1.0,-1.0,-1.0,-1.0,-1.0,-1.0,-1.0
1564.0,548.0,1556.0,532.0,1560.0,540.0,-1.0,-1.0,0.0,0.0
1578.0,561.0,1569.0,534.0,1573.0,547.0,-1.0,-1.0,0.0,0.0
-1.0,-1.0,-1.0,-1.0,-1.0,-1.0,-1.0,-1.0,-1.0,-1.0
1573.0,555.0,1572.0,542.0,1572.0,548.0,-1.0,-1.0,0.0,0.0
1559.0,547.0,1566.0,534.0,1562.0,540.0,-1.0,-1.0,0.0,0.0
-1.0,-1.0,-1.0,-1.0,-1.0,-1.0,-1.0,-1.0,-1.0,-1.0
1576.0,535.0,1566.0,529.0,1571.0,532.0,-1.0,-1.0,0.0,0.0
1604.0,523.0,1570.0,529.0,1587.0,526.0,-1.0,-1.0,0.0,0.0
-1.0,-1.0,-1.0,-1.0,-1.0,-1.0,-1.0,-1.0,-1.0,-1.0
1608.0,511.0,1561.0,551.0,1584.0,531.0,-1.0,-1.0,0.0,0.0
1574.0,539.0,1571.0,555.0,1572.0,547.0,-1.0,-1.0,0.0,0.0
-1.0,-1.0,-1.0,-1.0,-1.0,-1.0,-1.0,-1.0,-1.0,-1.0
1554.0,546.0,1583.0,537.0,1568.0,541.0,-1.0,-1.0,0.0,0.0
1562.0,522.0,1577.0,533.0,1569.0,527.0,-1.0,-1.0,0.0,0.0
-1.0,-1.0,-1.0,-1.0,-1.0,-1.0,-1.0,-1.0,-1.0,-1.0
1565.0,552.0,1565.0,552.0,1565.0,552.0,-1.0,-1.0,0.0,0.0
1566.0,515.0,1567.0,557.0,1566.0,536.0,-1.0,-1.0,0.0,0.0
-1.0,-1.0,-1.0,-1.0,-1.0,-1.0,-1.0,-1.0,-1.0,-1.0
1591.0,512.0,1568.0,569.0,1579.0,540.0,-1.0,-1.0,0.0,0.0
1582.0,513.0,1564.0,576.0,1573.0,544.0,-1.0,-1.0,0.0,0.0
-1.0,-1.0,-1.0,-1.0,-1.0,-1.0,-1.0,-1.0,-1.0,-1.0
1568.0,560.0,1568.0,560.0,1568.0,560.0,-1.0,-1.0,0.0,0.0
1577.0,524.0,1560.0,541.0,1568.0,532.0,-1.0,-1.0,0.0,0.0
-1.0,-1.0,-1.0,-1.0,-1.0,-1.0,-1.0,-1.0,-1.0,-1.0
1547.0,552.0,1563.0,551.0,1555.0,551.0,-1.0,-1.0,0.0,0.0
1554.0,540.0,1577.0,558.0,1565.0,549.0,-1.0,-1.0,0.0,0.0
-1.0,-1.0,-1.0,-1.0,-1.0,-1.0,-1.0,-1.0,-1.0,-1.0
1568.0,523.0,1576.0,545.0,1572.0,534.0,-1.0,-1.0,0.0,0.0
1513.0,502.0,1527.0,540.0,1520.0,521.0,-1.0,-1.0,0.0,0.0
-1.0,-1.0,-1.0,-1.0,-1.0,-1.0,-1.0,-1.0,-1.0,-1.0
1403.0,509.0,1432.0,561.0,1417.0,535.0,-1.0,-1.0,0.0,0.0
1079.0,515.0,1123.0,586.0,1101.0,550.0,-1.0,-1.0,0.0,0.0
-1.0,-1.0,-1.0,-1.0,-1.0,-1.0,-1.0,-1.0,-1.0,-1.0
928.0,536.0,980.0,572.0,954.0,554.0,-1.0,-1.0,0.0,0.0
704.0,529.0,704.0,529.0,704.0,529.0,-1.0,-1.0,0.0,0.0
-1.0,-1.0,-1.0,-1.0,-1.0,-1.0,-1.0,-1.0,-1.0,-1.0
580.0,561.0,908.0,597.0,744.0,579.0,-1.0,-1.0,0.0,0.0
402.0,582.0,504.0,644.0,453.0,613.0,-1.0,-1.0,0.0,0.0
-1.0,-1.0,-1.0,-1.0,-1.0,-1.0,-1.0,-1.0,-1.0,-1.0
361.0,587.0,448.0,674.0,404.0,630.0,-1.0,-1.0,0.0,0.0
342.0,581.0,342.0,581.0,342.0,581.0,-1.0,-1.0,0.0,0.0
447.0,674.0,447.0,674.0,447.0,674.0,2.56,2.56,0.0,0.0
314.0,558.0,314.0,558.0,314.0,558.0,-1.0,-1.0,0.0,0.0
-1.0,-1.0,-1.0,-1.0,-1.0,-1.0,-1.0,-1.0,-1.0,-1.0
398.0,681.0,398.0,681.0,398.0,681.0,2.67,2.67,0.0,0.0
329.0,582.0,329.0,582.0,329.0,582.0,-1.0,-1.0,0.0,0.0
262.0,539.0,262.0,539.0,262.0,539.0,-1.0,-1.0,0.0,0.0
-1.0,-1.0,-1.0,-1.0,-1.0,-1.0,-1.0,-1.0,-1.0,-1.0
259.0,530.0,259.0,530.0,259.0,530.0,-1.0,-1.0,0.0,0.0
321.0,588.0,321.0,588.0,321.0,588.0,-1.0,-1.0,0.0,0.0
-1.0,-1.0,-1.0,-1.0,-1.0,-1.0,-1.0,-1.0,-1.0,-1.0
321.0,599.0,321.0,599.0,321.0,599.0,-1.0,-1.0,0.0,0.0
320.0,628.0,320.0,628.0,320.0,628.0,-1.0,-1.0,0.0,0.0
-1.0,-1.0,-1.0,-1.0,-1.0,-1.0,-1.0,-1.0,-1.0,-1.0
238.0,629.0,238.0,629.0,238.0,629.0,-1.0,-1.0,0.0,0.0
167.0,643.0,167.0,643.0,167.0,643.0,-1.0,-1.0,0.0,0.0
-1.0,-1.0,-1.0,-1.0,-1.0,-1.0,-1.0,-1.0,-1.0,-1.0
170.0,654.0,170.0,654.0,170.0,654.0,-1.0,-1.0,0.0,0.0
-1.0,-1.0,-1.0,-1.0,-1.0,-1.0,-1.0,-1.0,-1.0,-1.0
-1.0,-1.0,-1.0,-1.0,-1.0,-1.0,-1.0,-1.0,-1.0,-1.0
164.0,657.0,164.0,657.0,164.0,657.0,-1.0,-1.0,0.0,0.0
153.0,606.0,153.0,606.0,153.0,606.0,-1.0,-1.0,0.0,0.0
-1.0,-1.0,-1.0,-1.0,-1.0,-1.0,-1.0,-1.0,-1.0,-1.0
157.0,607.0,191.0,678.0,174.0,642.0,-1.0,-1.0,0.0,0.0
155.0,590.0,155.0,590.0,155.0,590.0,-1.0,-1.0,0.0,0.0
-1.0,-1.0,-1.0,-1.0,-1.0,-1.0,-1.0,-1.0,-1.0,-1.0
162.0,626.0,162.0,626.0,162.0,626.0,-1.0,-1.0,0.0,0.0
-1.0,-1.0,-1.0,-1.0,-1.0,-1.0,-1.0,-1.0,-1.0,-1.0
-1.0,-1.0,-1.0,-1.0,-1.0,-1.0,-1.0,-1.0,-1.0,-1.0
151.0,656.0,151.0,656.0,151.0,656.0,-1.0,-1.0,0.0,0.0
148.0,633.0,148.0,633.0,148.0,633.0,-1.0,-1.0,0.0,0.0
-1.0,-1.0,-1.0,-1.0,-1.0,-1.0,-1.0,-1.0,-1.0,-1.0
167.0,625.0,167.0,625.0,167.0,625.0,-1.0,-1.0,0.0,0.0
122.0,483.0,122.0,483.0,122.0,483.0,-1.0,-1.0,0.0,0.0
-1.0,-1.0,-1.0,-1.0,-1.0,-1.0,-1.0,-1.0,-1.0,-1.0
157.0,635.0,186.0,590.0,171.0,612.0,-1.0,-1.0,0.0,0.0
143.0,633.0,208.0,665.0,175.0,649.0,-1.0,-1.0,0.0,0.0
-1.0,-1.0,-1.0,-1.0,-1.0,-1.0,-1.0,-1.0,-1.0,-1.0
149.0,629.0,243.0,689.0,196.0,659.0,-1.0,-1.0,0.0,0.0
240.0,683.0,240.0,683.0,240.0,683.0,-1.0,-1.0,0.0,0.0
-1.0,-1.0,-1.0,-1.0,-1.0,-1.0,-1.0,-1.0,-1.0,-1.0
157.0,651.0,218.0,691.0,187.0,671.0,-1.0,-1.0,0.0,0.0
-1.0,-1.0,-1.0,-1.0,-1.0,-1.0,-1.0,-1.0,-1.0,-1.0
-1.0,-1.0,-1.0,-1.0,-1.0,-1.0,-1.0,-1.0,-1.0,-1.0
164.0,641.0,195.0,642.0,179.0,641.0,-1.0,-1.0,0.0,0.0
148.0,607.0,148.0,607.0,148.0,607.0,-1.0,-1.0,0.0,0.0
-1.0,-1.0,-1.0,-1.0,-1.0,-1.0,-1.0,-1.0,-1.0,-1.0
148.0,613.0,228.0,687.0,188.0,650.0,-1.0,-1.0,0.0,0.0
146.0,616.0,217.0,674.0,181.0,645.0,-1.0,-1.0,0.0,0.0
268.0,704.0,268.0,704.0,268.0,704.0,2.2,2.2,0.0,0.0
227.0,563.0,312.0,651.0,269.0,607.0,-1.0,-1.0,0.0,0.0
376.0,628.0,376.0,628.0,376.0,628.0,-1.0,-1.0,0.0,0.0
-1.0,-1.0,-1.0,-1.0,-1.0,-1.0,-1.0,-1.0,-1.0,-1.0
232.0,547.0,369.0,627.0,300.0,587.0,-1.0,-1.0,0.0,0.0
320.0,552.0,320.0,552.0,320.0,552.0,-1.0,-1.0,0.0,0.0
-1.0,-1.0,-1.0,-1.0,-1.0,-1.0,-1.0,-1.0,-1.0,-1.0
319.0,554.0,368.0,583.0,343.0,568.0,-1.0,-1.0,0.0,0.0
-1.0,-1.0,-1.0,-1.0,-1.0,-1.0,-1.0,-1.0,-1.0,-1.0
-1.0,-1.0,-1.0,-1.0,-1.0,-1.0,-1.0,-1.0,-1.0,-1.0
308.0,548.0,330.0,602.0,319.0,575.0,-1.0,-1.0,0.0,0.0
343.0,598.0,343.0,598.0,343.0,598.0,-1.0,-1.0,0.0,0.0
-1.0,-1.0,-1.0,-1.0,-1.0,-1.0,-1.0,-1.0,-1.0,-1.0
366.0,604.0,333.0,606.0,349.0,605.0,-1.0,-1.0,0.0,0.0
374.0,635.0,374.0,635.0,374.0,635.0,-1.0,-1.0,0.0,0.0
332.0,596.0,332.0,596.0,332.0,596.0,1.67,1.67,0.0,0.0
350.0,632.0,340.0,591.0,345.0,611.0,-1.0,-1.0,0.0,0.0
340.0,626.0,340.0,626.0,340.0,626.0,-1.0,-1.0,0.0,0.0
-1.0,-1.0,-1.0,-1.0,-1.0,-1.0,-1.0,-1.0,-1.0,-1.0
342.0,626.0,328.0,585.0,335.0,605.0,-1.0,-1.0,0.0,0.0
349.0,616.0,328.0,585.0,338.0,600.0,-1.0,-1.0,0.0,0.0
-1.0,-1.0,-1.0,-1.0,-1.0,-1.0,-1.0,-1.0,-1.0,-1.0
353.0,612.0,330.0,606.0,341.0,609.0,-1.0,-1.0,0.0,0.0
344.0,613.0,347.0,594.0,345.0,603.0,-1.0,-1.0,0.0,0.0
-1.0,-1.0,-1.0,-1.0,-1.0,-1.0,-1.0,-1.0,-1.0,-1.0
349.0,629.0,333.0,595.0,341.0,612.0,-1.0,-1.0,0.0,0.0
343.0,629.0,336.0,599.0,339.0,614.0,-1.0,-1.0,0.0,0.0
-1.0,-1.0,-1.0,-1.0,-1.0,-1.0,-1.0,-1.0,-1.0,-1.0
356.0,616.0,335.0,613.0,345.0,614.0,-1.0,-1.0,0.0,0.0
364.0,622.0,333.0,611.0,348.0,616.0,-1.0,-1.0,0.0,0.0
321.0,640.0,321.0,640.0,321.0,640.0,2.04,2.04,0.0,0.0
356.0,632.0,333.0,630.0,344.0,631.0,-1.0,-1.0,0.0,0.0
355.0,636.0,336.0,649.0,345.0,642.0,-1.0,-1.0,0.0,0.0
364.0,665.0,364.0,665.0,364.0,665.0,2.22,2.22,0.0,0.0
363.0,625.0,368.0,671.0,365.0,648.0,-1.0,-1.0,0.0,0.0
366.0,631.0,354.0,613.0,360.0,622.0,-1.0,-1.0,0.0,0.0
359.0,610.0,359.0,610.0,359.0,610.0,1.93,1.93,0.0,0.0
370.0,647.0,337.0,608.0,353.0,627.0,-1.0,-1.0,0.0,0.0
370.0,641.0,350.0,613.0,360.0,627.0,-1.0,-1.0,0.0,0.0
-1.0,-1.0,-1.0,-1.0,-1.0,-1.0,-1.0,-1.0,-1.0,-1.0
358.0,626.0,372.0,635.0,365.0,630.0,-1.0,-1.0,0.0,0.0
356.0,619.0,368.0,645.0,362.0,632.0,-1.0,-1.0,0.0,0.0
378.0,651.0,378.0,651.0,378.0,651.0,2.26,2.26,0.0,0.0
361.0,622.0,357.0,612.0,359.0,617.0,-1.0,-1.0,0.0,0.0
349.0,617.0,360.0,601.0,354.0,609.0,-1.0,-1.0,0.0,0.0
346.0,599.0,346.0,599.0,346.0,599.0,1.98,1.98,0.0,0.0
330.0,624.0,341.0,610.0,335.0,617.0,-1.0,-1.0,0.0,0.0
343.0,647.0,343.0,647.0,343.0,647.0,-1.0,-1.0,0.0,0.0
-1.0,-1.0,-1.0,-1.0,-1.0,-1.0,-1.0,-1.0,-1.0,-1.0
340.0,643.0,337.0,599.0,338.0,621.0,-1.0,-1.0,0.0,0.0
339.0,635.0,339.0,635.0,339.0,635.0,-1.0,-1.0,0.0,0.0
-1.0,-1.0,-1.0,-1.0,-1.0,-1.0,-1.0,-1.0,-1.0,-1.0
334.0,614.0,334.0,625.0,334.0,619.0,-1.0,-1.0,0.0,0.0
334.0,604.0,341.0,619.0,337.0,611.0,-1.0,-1.0,0.0,0.0
356.0,628.0,356.0,628.0,356.0,628.0,1.98,1.98,0.0,0.0
342.0,619.0,367.0,628.0,354.0,623.0,-1.0,-1.0,0.0,0.0
-1.0,-1.0,-1.0,-1.0,-1.0,-1.0,-1.0,-1.0,-1.0,-1.0
-1.0,-1.0,-1.0,-1.0,-1.0,-1.0,-1.0,-1.0,-1.0,-1.0
344.0,619.0,366.0,625.0,355.0,622.0,-1.0,-1.0,0.0,0.0
353.0,629.0,360.0,619.0,356.0,624.0,-1.0,-1.0,0.0,0.0
-1.0,-1.0,-1.0,-1.0,-1.0,-1.0,-1.0,-1.0,-1.0,-1.0
345.0,613.0,355.0,602.0,350.0,607.0,-1.0,-1.0,0.0,0.0
338.0,606.0,359.0,610.0,348.0,608.0,-1.0,-1.0,0.0,0.0
-1.0,-1.0,-1.0,-1.0,-1.0,-1.0,-1.0,-1.0,-1.0,-1.0
356.0,628.0,355.0,624.0,355.0,626.0,-1.0,-1.0,0.0,0.0
354.0,643.0,354.0,643.0,354.0,643.0,-1.0,-1.0,0.0,0.0
353.0,634.0,353.0,634.0,353.0,634.0,1.86,1.86,0.0,0.0
357.0,626.0,362.0,613.0,359.0,619.0,-1.0,-1.0,0.0,0.0
375.0,603.0,396.0,626.0,385.0,614.0,-1.0,-1.0,0.0,0.0
-1.0,-1.0,-1.0,-1.0,-1.0,-1.0,-1.0,-1.0,-1.0,-1.0
432.0,612.0,470.0,605.0,451.0,608.0,-1.0,-1.0,0.0,0.0
448.0,627.0,421.0,652.0,434.0,639.0,-1.0,-1.0,0.0,0.0
-1.0,-1.0,-1.0,-1.0,-1.0,-1.0,-1.0,-1.0,-1.0,-1.0
468.0,623.0,472.0,652.0,470.0,637.0,-1.0,-1.0,0.0,0.0
471.0,607.0,465.0,624.0,468.0,615.0,-1.0,-1.0,0.0,0.0
-1.0,-1.0,-1.0,-1.0,-1.0,-1.0,-1.0,-1.0,-1.0,-1.0
470.0,600.0,458.0,613.0,464.0,606.0,-1.0,-1.0,0.0,0.0
495.0,583.0,495.0,583.0,495.0,583.0,-1.0,-1.0,0.0,0.0
-1.0,-1.0,-1.0,-1.0,-1.0,-1.0,-1.0,-1.0,-1.0,-1.0
476.0,614.0,489.0,584.0,482.0,599.0,-1.0,-1.0,0.0,0.0
489.0,635.0,463.0,607.0,476.0,621.0,-1.0,-1.0,0.0,0.0
462.0,607.0,462.0,607.0,462.0,607.0,2.14,2.14,0.0,0.0
479.0,622.0,466.0,609.0,472.0,615.0,-1.0,-1.0,0.0,0.0
459.0,606.0,472.0,615.0,465.0,610.0,-1.0,-1.0,0.0,0.0
-1.0,-1.0,-1.0,-1.0,-1.0,-1.0,-1.0,-1.0,-1.0,-1.0
481.0,615.0,473.0,617.0,477.0,616.0,-1.0,-1.0,0.0,0.0
469.0,614.0,469.0,614.0,469.0,614.0,-1.0,-1.0,0.0,0.0
458.0,612.0,458.0,612.0,458.0,612.0,1.85,1.85,0.0,0.0
453.0,607.0,471.0,608.0,462.0,607.0,-1.0,-1.0,0.0,0.0
439.0,593.0,460.0,604.0,449.0,598.0,-1.0,-1.0,0.0,0.0
-1.0,-1.0,-1.0,-1.0,-1.0,-1.0,-1.0,-1.0,-1.0,-1.0
448.0,602.0,457.0,595.0,452.0,598.0,-1.0,-1.0,0.0,0.0
475.0,615.0,450.0,596.0,462.0,605.0,-1.0,-1.0,0.0,0.0
457.0,591.0,457.0,591.0,457.0,591.0,2.21,2.21,0.0,0.0
475.0,618.0,458.0,608.0,466.0,613.0,-1.0,-1.0,0.0,0.0
456.0,618.0,456.0,618.0,456.0,618.0,-1.0,-1.0,0.0,0.0
457.0,621.0,457.0,621.0,457.0,621.0,2.14,2.14,0.0,0.0
474.0,614.0,453.0,615.0,463.0,614.0,-1.0,-1.0,0.0,0.0
443.0,598.0,458.0,594.0,450.0,596.0,-1.0,-1.0,0.0,0.0
460.0,594.0,460.0,594.0,460.0,594.0,2.43,2.43,0.0,0.0
419.0,574.0,472.0,613.0,445.0,593.0,-1.0,-1.0,0.0,0.0
444.0,609.0,444.0,609.0,444.0,609.0,-1.0,-1.0,0.0,0.0
-1.0,-1.0,-1.0,-1.0,-1.0,-1.0,-1.0,-1.0,-1.0,-1.0
461.0,597.0,453.0,594.0,457.0,595.0,-1.0,-1.0,0.0,0.0
473.0,585.0,473.0,585.0,473.0,585.0,-1.0,-1.0,0.0,0.0
-1.0,-1.0,-1.0,-1.0,-1.0,-1.0,-1.0,-1.0,-1.0,-1.0
482.0,588.0,458.0,622.0,470.0,605.0,-1.0,-1.0,0.0,0.0
477.0,592.0,477.0,611.0,477.0,601.0,-1.0,-1.0,0.0,0.0
-1.0,-1.0,-1.0,-1.0,-1.0,-1.0,-1.0,-1.0,-1.0,-1.0
461.0,626.0,472.0,607.0,466.0,616.0,-1.0,-1.0,0.0,0.0
455.0,608.0,455.0,608.0,455.0,608.0,-1.0,-1.0,0.0,0.0
-1.0,-1.0,-1.0,-1.0,-1.0,-1.0,-1.0,-1.0,-1.0,-1.0
469.0,622.0,441.0,595.0,455.0,608.0,-1.0,-1.0,0.0,0.0
466.0,622.0,446.0,597.0,456.0,609.0,-1.0,-1.0,0.0,0.0
-1.0,-1.0,-1.0,-1.0,-1.0,-1.0,-1.0,-1.0,-1.0,-1.0
551.0,600.0,510.0,602.0,530.0,601.0,-1.0,-1.0,0.0,0.0
578.0,629.0,564.0,612.0,571.0,620.0,-1.0,-1.0,0.0,0.0
-1.0,-1.0,-1.0,-1.0,-1.0,-1.0,-1.0,-1.0,-1.0,-1.0
555.0,613.0,555.0,613.0,555.0,613.0,-1.0,-1.0,0.0,0.0
586.0,608.0,560.0,626.0,573.0,617.0,-1.0,-1.0,0.0,0.0
560.0,625.0,560.0,625.0,560.0,625.0,2.53,2.53,0.0,0.0
587.0,621.0,571.0,626.0,579.0,623.0,-1.0,-1.0,0.0,0.0
579.0,612.0,590.0,594.0,584.0,603.0,-1.0,-1.0,0.0,0.0
590.0,594.0,590.0,594.0,590.0,594.0,2.75,2.75,0.0,0.0
576.0,612.0,585.0,594.0,580.0,603.0,-1.0,-1.0,0.0,0.0
591.0,629.0,584.0,591.0,587.0,610.0,-1.0,-1.0,0.0,0.0
-1.0,-1.0,-1.0,-1.0,-1.0,-1.0,-1.0,-1.0,-1.0,-1.0
597.0,627.0,592.0,594.0,594.0,610.0,-1.0,-1.0,0.0,0.0
583.0,608.0,583.0,608.0,583.0,608.0,-1.0,-1.0,0.0,0.0
-1.0,-1.0,-1.0,-1.0,-1.0,-1.0,-1.0,-1.0,-1.0,-1.0
573.0,599.0,609.0,620.0,591.0,609.0,-1.0,-1.0,0.0,0.0
576.0,616.0,603.0,625.0,589.0,620.0,-1.0,-1.0,0.0,0.0
-1.0,-1.0,-1.0,-1.0,-1.0,-1.0,-1.0,-1.0,-1.0,-1.0
553.0,614.0,578.0,589.0,565.0,601.0,-1.0,-1.0,0.0,0.0
574.0,617.0,574.0,617.0,574.0,617.0,-1.0,-1.0,0.0,0.0
-1.0,-1.0,-1.0,-1.0,-1.0,-1.0,-1.0,-1.0,-1.0,-1.0
587.0,641.0,590.0,631.0,588.0,636.0,-1.0,-1.0,0.0,0.0
604.0,619.0,604.0,619.0,604.0,619.0,-1.0,-1.0,0.0,0.0
-1.0,-1.0,-1.0,-1.0,-1.0,-1.0,-1.0,-1.0,-1.0,-1.0
622.0,628.0,589.0,603.0,605.0,615.0,-1.0,-1.0,0.0,0.0
615.0,635.0,600.0,574.0,607.0,604.0,-1.0,-1.0,0.0,0.0
-1.0,-1.0,-1.0,-1.0,-1.0,-1.0,-1.0,-1.0,-1.0,-1.0
664.0,628.0,666.0,588.0,665.0,608.0,-1.0,-1.0,0.0,0.0
719.0,639.0,693.0,605.0,706.0,622.0,-1.0,-1.0,0.0,0.0
643.0,699.0,693.0,605.0,668.0,652.0,3.59,2.06,0.0,0.0
704.0,596.0,697.0,637.0,700.0,616.0,-1.0,-1.0,0.0,0.0
698.0,612.0,714.0,635.0,706.0,623.0,-1.0,-1.0,0.0,0.0
724.0,619.0,724.0,619.0,724.0,619.0,2.65,2.65,0.0,0.0
681.0,609.0,717.0,611.0,699.0,610.0,-1.0,-1.0,0.0,0.0
675.0,597.0,675.0,597.0,675.0,597.0,-1.0,-1.0,0.0,0.0
-1.0,-1.0,-1.0,-1.0,-1.0,-1.0,-1.0,-1.0,-1.0,-1.0
681.0,593.0,693.0,595.0,687.0,594.0,-1.0,-1.0,0.0,0.0
683.0,578.0,683.0,578.0,683.0,578.0,-1.0,-1.0,0.0,0.0
640.0,592.0,640.0,592.0,640.0,592.0,2.51,2.51,0.0,0.0
672.0,599.0,664.0,624.0,668.0,611.0,-1.0,-1.0,0.0,0.0
675.0,617.0,687.0,617.0,681.0,617.0,-1.0,-1.0,0.0,0.0
687.0,617.0,687.0,617.0,687.0,617.0,2.71,2.71,0.0,0.0
692.0,607.0,671.0,609.0,681.0,608.0,-1.0,-1.0,0.0,0.0
704.0,591.0,673.0,597.0,688.0,594.0,-1.0,-1.0,0.0,0.0
673.0,597.0,673.0,597.0,673.0,597.0,2.61,2.61,0.0,0.0
718.0,599.0,687.0,589.0,702.0,594.0,-1.0,-1.0,0.0,0.0
697.0,601.0,674.0,597.0,685.0,599.0,-1.0,-1.0,0.0,0.0
-1.0,-1.0,-1.0,-1.0,-1.0,-1.0,-1.0,-1.0,-1.0,-1.0
685.0,597.0,673.0,594.0,679.0,595.0,-1.0,-1.0,0.0,0.0
701.0,593.0,701.0,593.0,701.0,593.0,-1.0,-1.0,0.0,0.0
-1.0,-1.0,-1.0,-1.0,-1.0,-1.0,-1.0,-1.0,-1.0,-1.0
681.0,598.0,704.0,589.0,692.0,593.0,-1.0,-1.0,0.0,0.0
691.0,595.0,678.0,594.0,684.0,594.0,-1.0,-1.0,0.0,0.0
-1.0,-1.0,-1.0,-1.0,-1.0,-1.0,-1.0,-1.0,-1.0,-1.0
703.0,596.0,663.0,624.0,683.0,610.0,-1.0,-1.0,0.0,0.0
704.0,599.0,704.0,599.0,704.0,599.0,-1.0,-1.0,0.0,0.0
-1.0,-1.0,-1.0,-1.0,-1.0,-1.0,-1.0,-1.0,-1.0,-1.0
702.0,606.0,723.0,572.0,712.0,589.0,-1.0,-1.0,0.0,0.0
686.0,644.0,676.0,601.0,681.0,622.0,-1.0,-1.0,0.0,0.0
-1.0,-1.0,-1.0,-1.0,-1.0,-1.0,-1.0,-1.0,-1.0,-1.0
679.0,650.0,674.0,596.0,676.0,623.0,-1.0,-1.0,0.0,0.0
695.0,628.0,695.0,628.0,695.0,628.0,-1.0,-1.0,0.0,0.0
-1.0,-1.0,-1.0,-1.0,-1.0,-1.0,-1.0,-1.0,-1.0,-1.0
674.0,590.0,695.0,629.0,684.0,609.0,-1.0,-1.0,0.0,0.0
698.0,624.0,698.0,624.0,698.0,624.0,-1.0,-1.0,0.0,0.0
-1.0,-1.0,-1.0,-1.0,-1.0,-1.0,-1.0,-1.0,-1.0,-1.0
690.0,619.0,690.0,619.0,690.0,619.0,-1.0,-1.0,0.0,0.0
668.0,581.0,668.0,581.0,668.0,581.0,-1.0,-1.0,0.0,0.0
-1.0,-1.0,-1.0,-1.0,-1.0,-1.0,-1.0,-1.0,-1.0,-1.0
690.0,609.0,704.0,615.0,697.0,612.0,-1.0,-1.0,0.0,0.0
690.0,637.0,700.0,623.0,695.0,630.0,-1.0,-1.0,0.0,0.0
-1.0,-1.0,-1.0,-1.0,-1.0,-1.0,-1.0,-1.0,-1.0,-1.0
683.0,644.0,680.0,608.0,681.0,626.0,-1.0,-1.0,0.0,0.0
677.0,621.0,703.0,602.0,690.0,611.0,-1.0,-1.0,0.0,0.0
-1.0,-1.0,-1.0,-1.0,-1.0,-1.0,-1.0,-1.0,-1.0,-1.0
694.0,626.0,694.0,626.0,694.0,626.0,-1.0,-1.0,0.0,0.0
685.0,631.0,658.0,669.0,671.0,650.0,-1.0,-1.0,0.0,0.0
-1.0,-1.0,-1.0,-1.0,-1.0,-1.0,-1.0,-1.0,-1.0,-1.0
688.0,606.0,632.0,651.0,660.0,628.0,-1.0,-1.0,0.0,0.0
682.0,605.0,682.0,605.0,682.0,605.0,-1.0,-1.0,0.0,0.0
-1.0,-1.0,-1.0,-1.0,-1.0,-1.0,-1.0,-1.0,-1.0,-1.0
656.0,609.0,671.0,645.0,663.0,627.0,-1.0,-1.0,0.0,0.0
659.0,566.0,659.0,566.0,659.0,566.0,-1.0,-1.0,0.0,0.0
697.0,762.0,697.0,762.0,697.0,762.0,2.63,2.63,0.0,0.0
693.0,581.0,686.0,767.0,689.0,674.0,-1.0,-1.0,0.0,0.0
669.0,628.0,672.0,613.0,670.0,620.0,-1.0,-1.0,0.0,0.0
-1.0,-1.0,-1.0,-1.0,-1.0,-1.0,-1.0,-1.0,-1.0,-1.0
663.0,614.0,687.0,621.0,675.0,617.0,-1.0,-1.0,0.0,0.0
681.0,614.0,689.0,617.0,685.0,615.0,-1.0,-1.0,0.0,0.0
-1.0,-1.0,-1.0,-1.0,-1.0,-1.0,-1.0,-1.0,-1.0,-1.0
674.0,639.0,682.0,598.0,678.0,618.0,-1.0,-1.0,0.0,0.0
685.0,604.0,685.0,604.0,685.0,604.0,-1.0,-1.0,0.0,0.0
690.0,626.0,690.0,626.0,690.0,626.0,2.14,2.14,0.0,0.0
750.0,626.0,671.0,619.0,710.0,622.0,-1.0,-1.0,0.0,0.0
761.0,592.0,674.0,620.0,717.0,606.0,-1.0,-1.0,0.0,0.0
-1.0,-1.0,-1.0,-1.0,-1.0,-1.0,-1.0,-1.0,-1.0,-1.0
782.0,598.0,740.0,603.0,761.0,600.0,-1.0,-1.0,0.0,0.0
848.0,615.0,788.0,593.0,818.0,604.0,-1.0,-1.0,0.0,0.0
-1.0,-1.0,-1.0,-1.0,-1.0,-1.0,-1.0,-1.0,-1.0,-1.0
840.0,613.0,863.0,577.0,851.0,595.0,-1.0,-1.0,0.0,0.0
835.0,590.0,856.0,599.0,845.0,594.0,-1.0,-1.0,0.0,0.0
856.0,599.0,856.0,599.0,856.0,599.0,2.6,2.6,0.0,0.0
846.0,570.0,846.0,570.0,846.0,570.0,-1.0,-1.0,0.0,0.0
795.0,643.0,795.0,643.0,795.0,643.0,-1.0,-1.0,0.0,0.0
840.0,633.0,840.0,633.0,840.0,633.0,2.44,2.44,0.0,0.0
808.0,626.0,838.0,648.0,823.0,637.0,-1.0,-1.0,0.0,0.0
871.0,621.0,871.0,621.0,871.0,621.0,-1.0,-1.0,0.0,0.0
-1.0,-1.0,-1.0,-1.0,-1.0,-1.0,-1.0,-1.0,-1.0,-1.0
792.0,616.0,871.0,624.0,831.0,620.0,-1.0,-1.0,0.0,0.0
823.0,601.0,823.0,601.0,823.0,601.0,-1.0,-1.0,0.0,0.0
-1.0,-1.0,-1.0,-1.0,-1.0,-1.0,-1.0,-1.0,-1.0,-1.0
884.0,585.0,884.0,585.0,884.0,585.0,-1.0,-1.0,0.0,0.0
818.0,609.0,807.0,646.0,812.0,627.0,-1.0,-1.0,0.0,0.0
-1.0,-1.0,-1.0,-1.0,-1.0,-1.0,-1.0,-1.0,-1.0,-1.0
827.0,644.0,827.0,644.0,827.0,644.0,-1.0,-1.0,0.0,0.0
843.0,617.0,856.0,624.0,849.0,620.0,-1.0,-1.0,0.0,0.0
-1.0,-1.0,-1.0,-1.0,-1.0,-1.0,-1.0,-1.0,-1.0,-1.0
802.0,582.0,848.0,618.0,825.0,600.0,-1.0,-1.0,0.0,0.0
805.0,580.0,853.0,609.0,829.0,594.0,-1.0,-1.0,0.0,0.0
-1.0,-1.0,-1.0,-1.0,-1.0,-1.0,-1.0,-1.0,-1.0,-1.0
856.0,573.0,856.0,573.0,856.0,573.0,-1.0,-1.0,0.0,0.0
839.0,557.0,865.0,574.0,852.0,565.0,-1.0,-1.0,0.0,0.0
-1.0,-1.0,-1.0,-1.0,-1.0,-1.0,-1.0,-1.0,-1.0,-1.0
843.0,599.0,857.0,575.0,850.0,587.0,-1.0,-1.0,0.0,0.0
837.0,605.0,826.0,604.0,831.0,604.0,-1.0,-1.0,0.0,0.0
-1.0,-1.0,-1.0,-1.0,-1.0,-1.0,-1.0,-1.0,-1.0,-1.0
840.0,686.0,840.0,686.0,840.0,686.0,-1.0,-1.0,0.0,0.0
841.0,652.0,841.0,652.0,841.0,652.0,-1.0,-1.0,0.0,0.0
-1.0,-1.0,-1.0,-1.0,-1.0,-1.0,-1.0,-1.0,-1.0,-1.0
-1.0,-1.0,-1.0,-1.0,-1.0,-1.0,-1.0,-1.0,-1.0,-1.0
954.0,553.0,849.0,667.0,901.0,610.0,-1.0,-1.0,0.0,0.0
-1.0,-1.0,-1.0,-1.0,-1.0,-1.0,-1.0,-1.0,-1.0,-1.0
869.0,586.0,869.0,586.0,869.0,586.0,-1.0,-1.0,0.0,0.0
-1.0,-1.0,-1.0,-1.0,-1.0,-1.0,-1.0,-1.0,-1.0,-1.0
-1.0,-1.0,-1.0,-1.0,-1.0,-1.0,-1.0,-1.0,-1.0,-1.0
838.0,605.0,838.0,605.0,838.0,605.0,-1.0,-1.0,0.0,0.0
852.0,573.0,860.0,569.0,856.0,571.0,-1.0,-1.0,0.0,0.0
860.0,569.0,860.0,569.0,860.0,569.0,2.75,2.75,0.0,0.0
796.0,574.0,855.0,620.0,825.0,597.0,-1.0,-1.0,0.0,0.0
-1.0,-1.0,-1.0,-1.0,-1.0,-1.0,-1.0,-1.0,-1.0,-1.0
857.0,617.0,857.0,617.0,857.0,617.0,2.68,2.68,0.0,0.0
767.0,551.0,760.0,709.0,763.0,630.0,-1.0,-1.0,0.0,0.0
653.0,597.0,653.0,597.0,653.0,597.0,-1.0,-1.0,0.0,0.0
653.0,768.0,653.0,768.0,653.0,768.0,2.73,2.73,0.0,0.0
647.0,760.0,647.0,760.0,647.0,760.0,-1.0,-1.0,0.0,0.0
646.0,596.0,646.0,596.0,646.0,596.0,-1.0,-1.0,0.0,0.0
-1.0,-1.0,-1.0,-1.0,-1.0,-1.0,-1.0,-1.0,-1.0,-1.0
670.0,617.0,686.0,832.0,678.0,724.0,-1.0,-1.0,0.0,0.0
676.0,625.0,676.0,625.0,676.0,625.0,-1.0,-1.0,0.0,0.0
721.0,668.0,721.0,668.0,721.0,668.0,2.62,2.62,0.0,0.0
699.0,917.0,699.0,917.0,699.0,917.0,-1.0,-1.0,0.0,0.0
693.0,609.0,690.0,638.0,691.0,623.0,-1.0,-1.0,0.0,0.0
690.0,637.0,690.0,637.0,690.0,637.0,2.52,2.52,0.0,0.0
690.0,592.0,681.0,609.0,685.0,600.0,-1.0,-1.0,0.0,0.0
690.0,592.0,764.0,717.0,727.0,654.0,-1.0,-1.0,0.0,0.0
-1.0,-1.0,-1.0,-1.0,-1.0,-1.0,-1.0,-1.0,-1.0,-1.0
701.0,614.0,756.0,716.0,728.0,665.0,-1.0,-1.0,0.0,0.0
700.0,607.0,669.0,602.0,684.0,604.0,-1.0,-1.0,0.0,0.0
-1.0,-1.0,-1.0,-1.0,-1.0,-1.0,-1.0,-1.0,-1.0,-1.0
655.0,573.0,688.0,630.0,671.0,601.0,-1.0,-1.0,0.0,0.0
622.0,620.0,622.0,620.0,622.0,620.0,-1.0,-1.0,0.0,0.0
-1.0,-1.0,-1.0,-1.0,-1.0,-1.0,-1.0,-1.0,-1.0,-1.0
642.0,641.0,660.0,612.0,651.0,626.0,-1.0,-1.0,0.0,0.0
670.0,597.0,670.0,597.0,670.0,597.0,-1.0,-1.0,0.0,0.0
-1.0,-1.0,-1.0,-1.0,-1.0,-1.0,-1.0,-1.0,-1.0,-1.0
767.0,603.0,837.0,556.0,802.0,579.0,-1.0,-1.0,0.0,0.0
861.0,596.0,900.0,554.0,880.0,575.0,-1.0,-1.0,0.0,0.0
-1.0,-1.0,-1.0,-1.0,-1.0,-1.0,-1.0,-1.0,-1.0,-1.0
933.0,536.0,933.0,536.0,933.0,536.0,-1.0,-1.0,0.0,0.0
851.0,627.0,913.0,577.0,882.0,602.0,-1.0,-1.0,0.0,0.0
-1.0,-1.0,-1.0,-1.0,-1.0,-1.0,-1.0,-1.0,-1.0,-1.0
960.0,633.0,946.0,618.0,953.0,625.0,-1.0,-1.0,0.0,0.0
994.0,609.0,994.0,609.0,994.0,609.0,-1.0,-1.0,0.0,0.0
-1.0,-1.0,-1.0,-1.0,-1.0,-1.0,-1.0,-1.0,-1.0,-1.0
949.0,627.0,987.0,605.0,968.0,616.0,-1.0,-1.0,0.0,0.0
987.0,582.0,985.0,592.0,986.0,587.0,-1.0,-1.0,0.0,0.0
-1.0,-1.0,-1.0,-1.0,-1.0,-1.0,-1.0,-1.0,-1.0,-1.0
982.0,578.0,982.0,578.0,982.0,578.0,-1.0,-1.0,0.0,0.0
972.0,611.0,996.0,597.0,984.0,604.0,-1.0,-1.0,0.0,0.0
-1.0,-1.0,-1.0,-1.0,-1.0,-1.0,-1.0,-1.0,-1.0,-1.0
975.0,641.0,999.0,586.0,987.0,613.0,-1.0,-1.0,0.0,0.0
970.0,642.0,976.0,592.0,973.0,617.0,-1.0,-1.0,0.0,0.0
970.0,643.0,970.0,643.0,970.0,643.0,3.33,3.33,0.0,0.0
965.0,616.0,965.0,616.0,965.0,616.0,-1.0,-1.0,0.0,0.0
954.0,622.0,941.0,602.0,947.0,612.0,-1.0,-1.0,0.0,0.0
-1.0,-1.0,-1.0,-1.0,-1.0,-1.0,-1.0,-1.0,-1.0,-1.0
959.0,645.0,936.0,594.0,947.0,619.0,-1.0,-1.0,0.0,0.0
950.0,667.0,1014.0,550.0,982.0,608.0,-1.0,-1.0,0.0,0.0
-1.0,-1.0,-1.0,-1.0,-1.0,-1.0,-1.0,-1.0,-1.0,-1.0
949.0,653.0,949.0,653.0,949.0,653.0,-1.0,-1.0,0.0,0.0
956.0,608.0,941.0,578.0,948.0,593.0,-1.0,-1.0,0.0,0.0
-1.0,-1.0,-1.0,-1.0,-1.0,-1.0,-1.0,-1.0,-1.0,-1.0
949.0,609.0,949.0,609.0,949.0,609.0,-1.0,-1.0,0.0,0.0
949.0,642.0,1008.0,595.0,978.0,618.0,-1.0,-1.0,0.0,0.0
-1.0,-1.0,-1.0,-1.0,-1.0,-1.0,-1.0,-1.0,-1.0,-1.0
960.0,632.0,960.0,632.0,960.0,632.0,-1.0,-1.0,0.0,0.0
948.0,635.0,976.0,610.0,962.0,622.0,-1.0,-1.0,0.0,0.0
-1.0,-1.0,-1.0,-1.0,-1.0,-1.0,-1.0,-1.0,-1.0,-1.0
950.0,642.0,947.0,618.0,948.0,630.0,-1.0,-1.0,0.0,0.0
961.0,639.0,997.0,604.0,979.0,621.0,-1.0,-1.0,0.0,0.0
-1.0,-1.0,-1.0,-1.0,-1.0,-1.0,-1.0,-1.0,-1.0,-1.0
966.0,634.0,966.0,634.0,966.0,634.0,-1.0,-1.0,0.0,0.0
969.0,618.0,957.0,614.0,963.0,616.0,-1.0,-1.0,0.0,0.0
-1.0,-1.0,-1.0,-1.0,-1.0,-1.0,-1.0,-1.0,-1.0,-1.0
949.0,631.0,964.0,596.0,956.0,613.0,-1.0,-1.0,0.0,0.0
942.0,638.0,960.0,622.0,951.0,630.0,-1.0,-1.0,0.0,0.0
-1.0,-1.0,-1.0,-1.0,-1.0,-1.0,-1.0,-1.0,-1.0,-1.0
1010.0,578.0,1010.0,578.0,1010.0,578.0,-1.0,-1.0,0.0,0.0
1064.0,596.0,1021.0,606.0,1042.0,601.0,-1.0,-1.0,0.0,0.0
-1.0,-1.0,-1.0,-1.0,-1.0,-1.0,-1.0,-1.0,-1.0,-1.0
1041.0,580.0,1041.0,580.0,1041.0,580.0,-1.0,-1.0,0.0,0.0
1043.0,558.0,1084.0,582.0,1063.0,570.0,-1.0,-1.0,0.0,0.0
-1.0,-1.0,-1.0,-1.0,-1.0,-1.0,-1.0,-1.0,-1.0,-1.0
1061.0,583.0,1061.0,583.0,1061.0,583.0,-1.0,-1.0,0.0,0.0
1038.0,554.0,1032.0,596.0,1035.0,575.0,-1.0,-1.0,0.0,0.0
-1.0,-1.0,-1.0,-1.0,-1.0,-1.0,-1.0,-1.0,-1.0,-1.0
-1.0,-1.0,-1.0,-1.0,-1.0,-1.0,-1.0,-1.0,-1.0,-1.0
1100.0,614.0,1100.0,614.0,1100.0,614.0,-1.0,-1.0,0.0,0.0
-1.0,-1.0,-1.0,-1.0,-1.0,-1.0,-1.0,-1.0,-1.0,-1.0
1020.0,580.0,1020.0,580.0,1020.0,580.0,-1.0,-1.0,0.0,0.0
1085.0,608.0,1062.0,569.0,1073.0,588.0,-1.0,-1.0,0.0,0.0
-1.0,-1.0,-1.0,-1.0,-1.0,-1.0,-1.0,-1.0,-1.0,-1.0
-1.0,-1.0,-1.0,-1.0,-1.0,-1.0,-1.0,-1.0,-1.0,-1.0
1107.0,616.0,1107.0,616.0,1107.0,616.0,-1.0,-1.0,0.0,0.0
-1.0,-1.0,-1.0,-1.0,-1.0,-1.0,-1.0,-1.0,-1.0,-1.0
1069.0,593.0,1069.0,593.0,1069.0,593.0,-1.0,-1.0,0.0,0.0
1034.0,617.0,1034.0,617.0,1034.0,617.0,-1.0,-1.0,0.0,0.0
-1.0,-1.0,-1.0,-1.0,-1.0,-1.0,-1.0,-1.0,-1.0,-1.0
1081.0,610.0,1081.0,610.0,1081.0,610.0,-1.0,-1.0,0.0,0.0
1065.0,621.0,1049.0,608.0,1057.0,614.0,-1.0,-1.0,0.0,0.0
-1.0,-1.0,-1.0,-1.0,-1.0,-1.0,-1.0,-1.0,-1.0,-1.0
1052.0,611.0,1052.0,611.0,1052.0,611.0,-1.0,-1.0,0.0,0.0
1075.0,589.0,1075.0,589.0,1075.0,589.0,-1.0,-1.0,0.0,0.0
-1.0,-1.0,-1.0,-1.0,-1.0,-1.0,-1.0,-1.0,-1.0,-1.0
1061.0,557.0,1057.0,587.0,1059.0,572.0,-1.0,-1.0,0.0,0.0
1077.0,590.0,1050.0,585.0,1063.0,587.0,-1.0,-1.0,0.0,0.0
-1.0,-1.0,-1.0,-1.0,-1.0,-1.0,-1.0,-1.0,-1.0,-1.0
-1.0,-1.0,-1.0,-1.0,-1.0,-1.0,-1.0,-1.0,-1.0,-1.0
965.0,481.0,1062.0,579.0,1013.0,530.0,-1.0,-1.0,0.0,0.0
-1.0,-1.0,-1.0,-1.0,-1.0,-1.0,-1.0,-1.0,-1.0,-1.0
1103.0,587.0,1079.0,611.0,1091.0,599.0,-1.0,-1.0,0.0,0.0
1071.0,606.0,1071.0,606.0,1071.0,606.0,-1.0,-1.0,0.0,0.0
-1.0,-1.0,-1.0,-1.0,-1.0,-1.0,-1.0,-1.0,-1.0,-1.0
1064.0,594.0,1064.0,594.0,1064.0,594.0,-1.0,-1.0,0.0,0.0
1107.0,591.0,1053.0,579.0,1080.0,585.0,-1.0,-1.0,0.0,0.0
-1.0,-1.0,-1.0,-1.0,-1.0,-1.0,-1.0,-1.0,-1.0,-1.0
1110.0,586.0,1058.0,602.0,1084.0,594.0,-1.0,-1.0,0.0,0.0
1123.0,647.0,1107.0,620.0,1115.0,633.0,-1.0,-1.0,0.0,0.0
-1.0,-1.0,-1.0,-1.0,-1.0,-1.0,-1.0,-1.0,-1.0,-1.0
1165.0,623.0,1173.0,584.0,1169.0,603.0,-1.0,-1.0,0.0,0.0
1231.0,580.0,1194.0,591.0,1212.0,585.0,-1.0,-1.0,0.0,0.0
-1.0,-1.0,-1.0,-1.0,-1.0,-1.0,-1.0,-1.0,-1.0,-1.0
1208.0,603.0,1208.0,603.0,1208.0,603.0,-1.0,-1.0,0.0,0.0
1216.0,584.0,1216.0,584.0,1216.0,584.0,-1.0,-1.0,0.0,0.0
-1.0,-1.0,-1.0,-1.0,-1.0,-1.0,-1.0,-1.0,-1.0,-1.0
1224.0,598.0,1224.0,598.0,1224.0,598.0,-1.0,-1.0,0.0,0.0
1237.0,631.0,1228.0,586.0,1232.0,608.0,-1.0,-1.0,0.0,0.0
1227.0,586.0,1227.0,586.0,1227.0,586.0,2.67,2.67,0.0,0.0
1210.0,588.0,1210.0,588.0,1210.0,588.0,-1.0,-1.0,0.0,0.0
1224.0,650.0,1200.0,588.0,1212.0,619.0,-1.0,-1.0,0.0,0.0
-1.0,-1.0,-1.0,-1.0,-1.0,-1.0,-1.0,-1.0,-1.0,-1.0
1212.0,648.0,1201.0,602.0,1206.0,625.0,-1.0,-1.0,0.0,0.0
1219.0,602.0,1219.0,602.0,1219.0,602.0,-1.0,-1.0,0.0,0.0
1201.0,602.0,1201.0,602.0,1201.0,602.0,2.47,2.47,0.0,0.0
1204.0,609.0,1204.0,609.0,1204.0,609.0,-1.0,-1.0,0.0,0.0
1210.0,636.0,1210.0,601.0,1210.0,618.0,-1.0,-1.0,0.0,0.0
-1.0,-1.0,-1.0,-1.0,-1.0,-1.0,-1.0,-1.0,-1.0,-1.0
1216.0,580.0,1216.0,580.0,1216.0,580.0,-1.0,-1.0,0.0,0.0
1212.0,639.0,1213.0,577.0,1212.0,608.0,-1.0,-1.0,0.0,0.0
-1.0,-1.0,-1.0,-1.0,-1.0,-1.0,-1.0,-1.0,-1.0,-1.0
1207.0,586.0,1207.0,586.0,1207.0,586.0,-1.0,-1.0,0.0,0.0
1214.0,640.0,1214.0,640.0,1214.0,640.0,-1.0,-1.0,0.0,0.0
-1.0,-1.0,-1.0,-1.0,-1.0,-1.0,-1.0,-1.0,-1.0,-1.0
1216.0,590.0,1216.0,590.0,1216.0,590.0,-1.0,-1.0,0.0,0.0
1242.0,617.0,1227.0,600.0,1234.0,608.0,-1.0,-1.0,0.0,0.0
-1.0,-1.0,-1.0,-1.0,-1.0,-1.0,-1.0,-1.0,-1.0,-1.0
1228.0,606.0,1228.0,606.0,1228.0,606.0,-1.0,-1.0,0.0,0.0
1212.0,642.0,1205.0,613.0,1208.0,627.0,-1.0,-1.0,0.0,0.0
1212.0,642.0,1212.0,642.0,1212.0,642.0,3.04,3.04,0.0,0.0
1235.0,548.0,1209.0,605.0,1222.0,576.0,-1.0,-1.0,0.0,0.0
1254.0,550.0,1218.0,615.0,1236.0,582.0,-1.0,-1.0,0.0,0.0
-1.0,-1.0,-1.0,-1.0,-1.0,-1.0,-1.0,-1.0,-1.0,-1.0
897.0,702.0,1221.0,622.0,1059.0,662.0,-1.0,-1.0,0.0,0.0
878.0,700.0,1206.0,613.0,1042.0,656.0,-1.0,-1.0,0.0,0.0
1206.0,613.0,1206.0,613.0,1206.0,613.0,2.79,2.79,0.0,0.0
1204.0,625.0,1204.0,625.0,1204.0,625.0,-1.0,-1.0,0.0,0.0
1233.0,583.0,1226.0,619.0,1229.0,601.0,-1.0,-1.0,0.0,0.0
-1.0,-1.0,-1.0,-1.0,-1.0,-1.0,-1.0,-1.0,-1.0,-1.0
1189.0,582.0,1222.0,603.0,1205.0,592.0,-1.0,-1.0,0.0,0.0
1191.0,561.0,1219.0,603.0,1205.0,582.0,-1.0,-1.0,0.0,0.0
-1.0,-1.0,-1.0,-1.0,-1.0,-1.0,-1.0,-1.0,-1.0,-1.0
-1.0,-1.0,-1.0,-1.0,-1.0,-1.0,-1.0,-1.0,-1.0,-1.0
1248.0,595.0,1256.0,614.0,1252.0,604.0,-1.0,-1.0,0.0,0.0
-1.0,-1.0,-1.0,-1.0,-1.0,-1.0,-1.0,-1.0,-1.0,-1.0
1313.0,626.0,1365.0,575.0,1339.0,600.0,-1.0,-1.0,0.0,0.0
1355.0,619.0,1393.0,543.0,1374.0,581.0,-1.0,-1.0,0.0,0.0
-1.0,-1.0,-1.0,-1.0,-1.0,-1.0,-1.0,-1.0,-1.0,-1.0
1398.0,559.0,1398.0,559.0,1398.0,559.0,-1.0,-1.0,0.0,0.0
1345.0,624.0,1388.0,576.0,1366.0,600.0,-1.0,-1.0,0.0,0.0
-1.0,-1.0,-1.0,-1.0,-1.0,-1.0,-1.0,-1.0,-1.0,-1.0
1353.0,634.0,1386.0,581.0,1369.0,607.0,-1.0,-1.0,0.0,0.0
1353.0,637.0,1394.0,587.0,1373.0,612.0,-1.0,-1.0,0.0,0.0
1339.0,662.0,1339.0,662.0,1339.0,662.0,1.79,1.79,0.0,0.0
1331.0,610.0,1331.0,610.0,1331.0,610.0,-1.0,-1.0,0.0,0.0
1332.0,596.0,1326.0,661.0,1329.0,628.0,-1.0,-1.0,0.0,0.0
-1.0,-1.0,-1.0,-1.0,-1.0,-1.0,-1.0,-1.0,-1.0,-1.0
1375.0,573.0,1324.0,661.0,1349.0,617.0,-1.0,-1.0,0.0,0.0
1370.0,601.0,1329.0,661.0,1349.0,631.0,-1.0,-1.0,0.0,0.0
-1.0,-1.0,-1.0,-1.0,-1.0,-1.0,-1.0,-1.0,-1.0,-1.0
1368.0,625.0,1362.0,602.0,1365.0,613.0,-1.0,-1.0,0.0,0.0
1370.0,620.0,1361.0,601.0,1365.0,610.0,-1.0,-1.0,0.0,0.0
-1.0,-1.0,-1.0,-1.0,-1.0,-1.0,-1.0,-1.0,-1.0,-1.0
1325.0,614.0,1362.0,605.0,1343.0,609.0,-1.0,-1.0,0.0,0.0
1353.0,620.0,1352.0,626.0,1352.0,623.0,-1.0,-1.0,0.0,0.0
-1.0,-1.0,-1.0,-1.0,-1.0,-1.0,-1.0,-1.0,-1.0,-1.0
1391.0,618.0,1352.0,631.0,1371.0,624.0,-1.0,-1.0,0.0,0.0
1398.0,576.0,1355.0,625.0,1376.0,600.0,-1.0,-1.0,0.0,0.0
1312.0,652.0,1312.0,652.0,1312.0,652.0,2.03,2.03,0.0,0.0
1307.0,648.0,1307.0,648.0,1307.0,648.0,-1.0,-1.0,0.0,0.0
1352.0,604.0,1302.0,644.0,1327.0,624.0,-1.0,-1.0,0.0,0.0
-1.0,-1.0,-1.0,-1.0,-1.0,-1.0,-1.0,-1.0,-1.0,-1.0
1339.0,640.0,1339.0,640.0,1339.0,640.0,-1.0,-1.0,0.0,0.0
1331.0,646.0,1304.0,648.0,1317.0,647.0,-1.0,-1.0,0.0,0.0
-1.0,-1.0,-1.0,-1.0,-1.0,-1.0,-1.0,-1.0,-1.0,-1.0
1333.0,611.0,1351.0,614.0,1342.0,612.0,-1.0,-1.0,0.0,0.0
1362.0,576.0,1344.0,620.0,1353.0,598.0,-1.0,-1.0,0.0,0.0
1314.0,634.0,1314.0,634.0,1314.0,634.0,1.93,1.93,0.0,0.0
-1.0,-1.0,-1.0,-1.0,-1.0,-1.0,-1.0,-1.0,-1.0,-1.0
1341.0,615.0,1313.0,622.0,1327.0,618.0,-1.0,-1.0,0.0,0.0
-1.0,-1.0,-1.0,-1.0,-1.0,-1.0,-1.0,-1.0,-1.0,-1.0
1306.0,652.0,1306.0,652.0,1306.0,652.0,-1.0,-1.0,0.0,0.0
1356.0,649.0,1307.0,657.0,1331.0,653.0,-1.0,-1.0,0.0,0.0
-1.0,-1.0,-1.0,-1.0,-1.0,-1.0,-1.0,-1.0,-1.0,-1.0
1351.0,638.0,1340.0,648.0,1345.0,643.0,-1.0,-1.0,0.0,0.0
1355.0,608.0,1339.0,644.0,1347.0,626.0,-1.0,-1.0,0.0,0.0
-1.0,-1.0,-1.0,-1.0,-1.0,-1.0,-1.0,-1.0,-1.0,-1.0
1326.0,572.0,1342.0,615.0,1334.0,593.0,-1.0,-1.0,0.0,0.0
1323.0,607.0,1337.0,627.0,1330.0,617.0,-1.0,-1.0,0.0,0.0
-1.0,-1.0,-1.0,-1.0,-1.0,-1.0,-1.0,-1.0,-1.0,-1.0
1331.0,647.0,1331.0,647.0,1331.0,647.0,-1.0,-1.0,0.0,0.0
1324.0,607.0,1327.0,654.0,1325.0,630.0,-1.0,-1.0,0.0,0.0
-1.0,-1.0,-1.0,-1.0,-1.0,-1.0,-1.0,-1.0,-1.0,-1.0
1345.0,642.0,1335.0,635.0,1340.0,638.0,-1.0,-1.0,0.0,0.0
1332.0,619.0,1358.0,632.0,1345.0,625.0,-1.0,-1.0,0.0,0.0
-1.0,-1.0,-1.0,-1.0,-1.0,-1.0,-1.0,-1.0,-1.0,-1.0
1358.0,634.0,1358.0,634.0,1358.0,634.0,-1.0,-1.0,0.0,0.0
1401.0,642.0,1382.0,608.0,1391.0,625.0,-1.0,-1.0,0.0,0.0
-1.0,-1.0,-1.0,-1.0,-1.0,-1.0,-1.0,-1.0,-1.0,-1.0
1432.0,621.0,1403.0,600.0,1417.0,610.0,-1.0,-1.0,0.0,0.0
1497.0,616.0,1458.0,597.0,1477.0,606.0,-1.0,-1.0,0.0,0.0
-1.0,-1.0,-1.0,-1.0,-1.0,-1.0,-1.0,-1.0,-1.0,-1.0
1460.0,616.0,1460.0,616.0,1460.0,616.0,-1.0,-1.0,0.0,0.0
1481.0,613.0,1453.0,601.0,1467.0,607.0,-1.0,-1.0,0.0,0.0
-1.0,-1.0,-1.0,-1.0,-1.0,-1.0,-1.0,-1.0,-1.0,-1.0
1452.0,592.0,1452.0,592.0,1452.0,592.0,-1.0,-1.0,0.0,0.0
1472.0,665.0,1459.0,611.0,1465.0,638.0,-1.0,-1.0,0.0,0.0
-1.0,-1.0,-1.0,-1.0,-1.0,-1.0,-1.0,-1.0,-1.0,-1.0
1436.0,649.0,1436.0,649.0,1436.0,649.0,-1.0,-1.0,0.0,0.0
1463.0,668.0,1420.0,635.0,1441.0,651.0,-1.0,-1.0,0.0,0.0
-1.0,-1.0,-1.0,-1.0,-1.0,-1.0,-1.0,-1.0,-1.0,-1.0
1463.0,643.0,1441.0,590.0,1452.0,616.0,-1.0,-1.0,0.0,0.0
1462.0,619.0,1452.0,592.0,1457.0,605.0,-1.0,-1.0,0.0,0.0
-1.0,-1.0,-1.0,-1.0,-1.0,-1.0,-1.0,-1.0,-1.0,-1.0
1468.0,593.0,1468.0,593.0,1468.0,593.0,-1.0,-1.0,0.0,0.0
1458.0,633.0,1472.0,587.0,1465.0,610.0,-1.0,-1.0,0.0,0.0
-1.0,-1.0,-1.0,-1.0,-1.0,-1.0,-1.0,-1.0,-1.0,-1.0
1444.0,620.0,1444.0,620.0,1444.0,620.0,-1.0,-1.0,0.0,0.0
1480.0,655.0,1436.0,632.0,1458.0,643.0,-1.0,-1.0,0.0,0.0
-1.0,-1.0,-1.0,-1.0,-1.0,-1.0,-1.0,-1.0,-1.0,-1.0
1439.0,622.0,1439.0,622.0,1439.0,622.0,-1.0,-1.0,0.0,0.0
1442.0,663.0,1425.0,620.0,1433.0,641.0,-1.0,-1.0,0.0,0.0
-1.0,-1.0,-1.0,-1.0,-1.0,-1.0,-1.0,-1.0,-1.0,-1.0
1446.0,632.0,1439.0,623.0,1442.0,627.0,-1.0,-1.0,0.0,0.0
1456.0,626.0,1459.0,623.0,1457.0,624.0,-1.0,-1.0,0.0,0.0
-1.0,-1.0,-1.0,-1.0,-1.0,-1.0,-1.0,-1.0,-1.0,-1.0
-1.0,-1.0,-1.0,-1.0,-1.0,-1.0,-1.0,-1.0,-1.0,-1.0
1463.0,592.0,1455.0,638.0,1459.0,615.0,-1.0,-1.0,0.0,0.0
-1.0,-1.0,-1.0,-1.0,-1.0,-1.0,-1.0,-1.0,-1.0,-1.0
1456.0,619.0,1444.0,660.0,1450.0,639.0,-1.0,-1.0,0.0,0.0
1443.0,629.0,1438.0,654.0,1440.0,641.0,-1.0,-1.0,0.0,0.0
-1.0,-1.0,-1.0,-1.0,-1.0,-1.0,-1.0,-1.0,-1.0,-1.0
1475.0,639.0,1454.0,644.0,1464.0,641.0,-1.0,-1.0,0.0,0.0
1557.0,639.0,1541.0,647.0,1549.0,643.0,-1.0,-1.0,0.0,0.0
-1.0,-1.0,-1.0,-1.0,-1.0,-1.0,-1.0,-1.0,-1.0,-1.0
1554.0,624.0,1554.0,624.0,1554.0,624.0,-1.0,-1.0,0.0,0.0
1572.0,621.0,1565.0,631.0,1568.0,626.0,-1.0,-1.0,0.0,0.0
-1.0,-1.0,-1.0,-1.0,-1.0,-1.0,-1.0,-1.0,-1.0,-1.0
1573.0,614.0,1580.0,623.0,1576.0,618.0,-1.0,-1.0,0.0,0.0
1565.0,600.0,1558.0,615.0,1561.0,607.0,-1.0,-1.0,0.0,0.0
-1.0,-1.0,-1.0,-1.0,-1.0,-1.0,-1.0,-1.0,-1.0,-1.0
1542.0,620.0,1542.0,620.0,1542.0,620.0,-1.0,-1.0,0.0,0.0
1602.0,590.0,1539.0,629.0,1570.0,609.0,-1.0,-1.0,0.0,0.0
-1.0,-1.0,-1.0,-1.0,-1.0,-1.0,-1.0,-1.0,-1.0,-1.0
1583.0,592.0,1533.0,642.0,1558.0,617.0,-1.0,-1.0,0.0,0.0
1565.0,597.0,1535.0,624.0,1550.0,610.0,-1.0,-1.0,0.0,0.0
-1.0,-1.0,-1.0,-1.0,-1.0,-1.0,-1.0,-1.0,-1.0,-1.0
1555.0,639.0,1543.0,617.0,1549.0,628.0,-1.0,-1.0,0.0,0.0
1558.0,632.0,1540.0,634.0,1549.0,633.0,-1.0,-1.0,0.0,0.0
-1.0,-1.0,-1.0,-1.0,-1.0,-1.0,-1.0,-1.0,-1.0,-1.0
1535.0,641.0,1535.0,641.0,1535.0,641.0,-1.0,-1.0,0.0,0.0
1553.0,653.0,1546.0,632.0,1549.0,642.0,-1.0,-1.0,0.0,0.0
-1.0,-1.0,-1.0,-1.0,-1.0,-1.0,-1.0,-1.0,-1.0,-1.0
1546.0,627.0,1546.0,627.0,1546.0,627.0,-1.0,-1.0,0.0,0.0
1564.0,660.0,1548.0,636.0,1556.0,648.0,-1.0,-1.0,0.0,0.0
-1.0,-1.0,-1.0,-1.0,-1.0,-1.0,-1.0,-1.0,-1.0,-1.0
1586.0,633.0,1550.0,631.0,1568.0,632.0,-1.0,-1.0,0.0,0.0
1598.0,615.0,1537.0,622.0,1567.0,618.0,-1.0,-1.0,0.0,0.0
-1.0,-1.0,-1.0,-1.0,-1.0,-1.0,-1.0,-1.0,-1.0,-1.0
1561.0,653.0,1542.0,633.0,1551.0,643.0,-1.0,-1.0,0.0,0.0
1558.0,670.0,1552.0,618.0,1555.0,644.0,-1.0,-1.0,0.0,0.0
-1.0,-1.0,-1.0,-1.0,-1.0,-1.0,-1.0,-1.0,-1.0,-1.0
1565.0,645.0,1528.0,629.0,1546.0,637.0,-1.0,-1.0,0.0,0.0
1471.0,642.0,1491.0,626.0,1481.0,634.0,-1.0,-1.0,0.0,0.0
-1.0,-1.0,-1.0,-1.0,-1.0,-1.0,-1.0,-1.0,-1.0,-1.0
1474.0,632.0,1474.0,632.0,1474.0,632.0,-1.0,-1.0,0.0,0.0
1488.0,616.0,1451.0,639.0,1469.0,627.0,-1.0,-1.0,0.0,0.0
-1.0,-1.0,-1.0,-1.0,-1.0,-1.0,-1.0,-1.0,-1.0,-1.0
1472.0,618.0,1442.0,632.0,1457.0,625.0,-1.0,-1.0,0.0,0.0
1479.0,620.0,1448.0,629.0,1463.0,624.0,-1.0,-1.0,0.0,0.0
-1.0,-1.0,-1.0,-1.0,-1.0,-1.0,-1.0,-1.0,-1.0,-1.0
1486.0,643.0,1459.0,632.0,1472.0,637.0,-1.0,-1.0,0.0,0.0
1481.0,658.0,1447.0,625.0,1464.0,641.0,-1.0,-1.0,0.0,0.0
1481.0,658.0,1481.0,658.0,1481.0,658.0,3.16,3.16,0.0,0.0
1476.0,640.0,1447.0,634.0,1461.0,637.0,-1.0,-1.0,0.0,0.0
1472.0,643.0,1453.0,633.0,1462.0,638.0,-1.0,-1.0,0.0,0.0
-1.0,-1.0,-1.0,-1.0,-1.0,-1.0,-1.0,-1.0,-1.0,-1.0
1452.0,617.0,1452.0,617.0,1452.0,617.0,-1.0,-1.0,0.0,0.0
1484.0,629.0,1448.0,627.0,1466.0,628.0,-1.0,-1.0,0.0,0.0
1445.0,651.0,1445.0,651.0,1445.0,651.0,1.85,1.85,0.0,0.0
1445.0,685.0,1445.0,685.0,1445.0,685.0,-1.0,-1.0,0.0,0.0
1487.0,650.0,1450.0,701.0,1468.0,675.0,-1.0,-1.0,0.0,0.0
-1.0,-1.0,-1.0,-1.0,-1.0,-1.0,-1.0,-1.0,-1.0,-1.0
1480.0,597.0,1459.0,641.0,1469.0,619.0,-1.0,-1.0,0.0,0.0
1482.0,602.0,1453.0,642.0,1467.0,622.0,-1.0,-1.0,0.0,0.0
-1.0,-1.0,-1.0,-1.0,-1.0,-1.0,-1.0,-1.0,-1.0,-1.0
1443.0,625.0,1443.0,625.0,1443.0,625.0,-1.0,-1.0,0.0,0.0
1480.0,588.0,1445.0,636.0,1462.0,612.0,-1.0,-1.0,0.0,0.0
-1.0,-1.0,-1.0,-1.0,-1.0,-1.0,-1.0,-1.0,-1.0,-1.0
1483.0,636.0,1461.0,628.0,1472.0,632.0,-1.0,-1.0,0.0,0.0
1489.0,654.0,1446.0,612.0,1467.0,633.0,-1.0,-1.0,0.0,0.0
1489.0,654.0,1489.0,654.0,1489.0,654.0,1.77,1.77,0.0,0.0
1439.0,610.0,1439.0,610.0,1439.0,610.0,-1.0,-1.0,0.0,0.0
1477.0,641.0,1454.0,617.0,1465.0,629.0,-1.0,-1.0,0.0,0.0
-1.0,-1.0,-1.0,-1.0,-1.0,-1.0,-1.0,-1.0,-1.0,-1.0
1479.0,638.0,1447.0,630.0,1463.0,634.0,-1.0,-1.0,0.0,0.0
1437.0,707.0,1441.0,643.0,1439.0,675.0,-1.0,-1.0,0.0,0.0
-1.0,-1.0,-1.0,-1.0,-1.0,-1.0,-1.0,-1.0,-1.0,-1.0
-1.0,-1.0,-1.0,-1.0,-1.0,-1.0,-1.0,-1.0,-1.0,-1.0
1242.0,646.0,1242.0,646.0,1242.0,646.0,-1.0,-1.0,0.0,0.0
-1.0,-1.0,-1.0,-1.0,-1.0,-1.0,-1.0,-1.0,-1.0,-1.0
953.0,655.0,1441.0,653.0,1197.0,654.0,-1.0,-1.0,0.0,0.0
786.0,637.0,786.0,637.0,786.0,637.0,-1.0,-1.0,0.0,0.0
786.0,637.0,786.0,637.0,786.0,637.0,1.77,1.77,0.0,0.0
910.0,679.0,642.0,685.0,776.0,682.0,-1.0,-1.0,0.0,0.0
-1.0,-1.0,-1.0,-1.0,-1.0,-1.0,-1.0,-1.0,-1.0,-1.0
568.0,697.0,568.0,697.0,568.0,697.0,1.65,1.65,0.0,0.0
521.0,690.0,521.0,690.0,521.0,690.0,-1.0,-1.0,0.0,0.0
-1.0,-1.0,-1.0,-1.0,-1.0,-1.0,-1.0,-1.0,-1.0,-1.0
-1.0,-1.0,-1.0,-1.0,-1.0,-1.0,-1.0,-1.0,-1.0,-1.0
-1.0,-1.0,-1.0,-1.0,-1.0,-1.0,-1.0,-1.0,-1.0,-1.0
-1.0,-1.0,-1.0,-1.0,-1.0,-1.0,-1.0,-1.0,-1.0,-1.0
-1.0,-1.0,-1.0,-1.0,-1.0,-1.0,-1.0,-1.0,-1.0,-1.0
333.0,720.0,396.0,761.0,364.0,740.0,-1.0,-1.0,0.0,0.0
-1.0,-1.0,-1.0,-1.0,-1.0,-1.0,-1.0,-1.0,-1.0,-1.0
-1.0,-1.0,-1.0,-1.0,-1.0,-1.0,-1.0,-1.0,-1.0,-1.0
307.0,725.0,307.0,725.0,307.0,725.0,-1.0,-1.0,0.0,0.0
-1.0,-1.0,-1.0,-1.0,-1.0,-1.0,-1.0,-1.0,-1.0,-1.0
-1.0,-1.0,-1.0,-1.0,-1.0,-1.0,-1.0,-1.0,-1.0,-1.0
323.0,724.0,323.0,724.0,323.0,724.0,-1.0,-1.0,0.0,0.0
-1.0,-1.0,-1.0,-1.0,-1.0,-1.0,-1.0,-1.0,-1.0,-1.0
-1.0,-1.0,-1.0,-1.0,-1.0,-1.0,-1.0,-1.0,-1.0,-1.0
340.0,723.0,340.0,723.0,340.0,723.0,-1.0,-1.0,0.0,0.0
-1.0,-1.0,-1.0,-1.0,-1.0,-1.0,-1.0,-1.0,-1.0,-1.0
-1.0,-1.0,-1.0,-1.0,-1.0,-1.0,-1.0,-1.0,-1.0,-1.0
104.0,692.0,104.0,692.0,104.0,692.0,-1.0,-1.0,0.0,0.0
-1.0,-1.0,-1.0,-1.0,-1.0,-1.0,-1.0,-1.0,-1.0,-1.0
-1.0,-1.0,-1.0,-1.0,-1.0,-1.0,-1.0,-1.0,-1.0,-1.0
92.0,712.0,92.0,712.0,92.0,712.0,-1.0,-1.0,0.0,0.0
-1.0,-1.0,-1.0,-1.0,-1.0,-1.0,-1.0,-1.0,-1.0,-1.0
-1.0,-1.0,-1.0,-1.0,-1.0,-1.0,-1.0,-1.0,-1.0,-1.0
158.0,732.0,158.0,732.0,158.0,732.0,-1.0,-1.0,0.0,0.0
-1.0,-1.0,-1.0,-1.0,-1.0,-1.0,-1.0,-1.0,-1.0,-1.0
-1.0,-1.0,-1.0,-1.0,-1.0,-1.0,-1.0,-1.0,-1.0,-1.0
149.0,726.0,149.0,726.0,149.0,726.0,-1.0,-1.0,0.0,0.0
129.0,672.0,129.0,672.0,129.0,672.0,-1.0,-1.0,0.0,0.0
-1.0,-1.0,-1.0,-1.0,-1.0,-1.0,-1.0,-1.0,-1.0,-1.0
116.0,670.0,116.0,670.0,116.0,670.0,-1.0,-1.0,0.0,0.0
39.0,625.0,39.0,625.0,39.0,625.0,-1.0,-1.0,0.0,0.0
-1.0,-1.0,-1.0,-1.0,-1.0,-1.0,-1.0,-1.0,-1.0,-1.0
46.0,632.0,46.0,632.0,46.0,632.0,-1.0,-1.0,0.0,0.0
-1.0,-1.0,-1.0,-1.0,-1.0,-1.0,-1.0,-1.0,-1.0,-1.0
-1.0,-1.0,-1.0,-1.0,-1.0,-1.0,-1.0,-1.0,-1.0,-1.0
57.0,627.0,57.0,627.0,57.0,627.0,-1.0,-1.0,0.0,0.0
146.0,714.0,146.0,714.0,146.0,714.0,-1.0,-1.0,0.0,0.0
-1.0,-1.0,-1.0,-1.0,-1.0,-1.0,-1.0,-1.0,-1.0,-1.0
151.0,722.0,151.0,722.0,151.0,722.0,-1.0,-1.0,0.0,0.0
154.0,685.0,154.0,685.0,154.0,685.0,-1.0,-1.0,0.0,0.0
-1.0,-1.0,-1.0,-1.0,-1.0,-1.0,-1.0,-1.0,-1.0,-1.0
132.0,682.0,132.0,682.0,132.0,682.0,-1.0,-1.0,0.0,0.0
150.0,730.0,150.0,730.0,150.0,730.0,-1.0,-1.0,0.0,0.0
-1.0,-1.0,-1.0,-1.0,-1.0,-1.0,-1.0,-1.0,-1.0,-1.0
178.0,739.0,178.0,739.0,178.0,739.0,-1.0,-1.0,0.0,0.0
152.0,726.0,152.0,726.0,152.0,726.0,-1.0,-1.0,0.0,0.0
-1.0,-1.0,-1.0,-1.0,-1.0,-1.0,-1.0,-1.0,-1.0,-1.0
147.0,737.0,147.0,737.0,147.0,737.0,-1.0,-1.0,0.0,0.0
144.0,725.0,144.0,725.0,144.0,725.0,-1.0,-1.0,0.0,0.0
-1.0,-1.0,-1.0,-1.0,-1.0,-1.0,-1.0,-1.0,-1.0,-1.0
140.0,729.0,140.0,729.0,140.0,729.0,-1.0,-1.0,0.0,0.0
-1.0,-1.0,-1.0,-1.0,-1.0,-1.0,-1.0,-1.0,-1.0,-1.0
-1.0,-1.0,-1.0,-1.0,-1.0,-1.0,-1.0,-1.0,-1.0,-1.0
148.0,716.0,148.0,716.0,148.0,716.0,-1.0,-1.0,0.0,0.0
164.0,744.0,164.0,744.0,164.0,744.0,-1.0,-1.0,0.0,0.0
-1.0,-1.0,-1.0,-1.0,-1.0,-1.0,-1.0,-1.0,-1.0,-1.0
171.0,742.0,180.0,756.0,175.0,749.0,-1.0,-1.0,0.0,0.0
161.0,731.0,175.0,747.0,168.0,739.0,-1.0,-1.0,0.0,0.0
-1.0,-1.0,-1.0,-1.0,-1.0,-1.0,-1.0,-1.0,-1.0,-1.0
221.0,714.0,234.0,744.0,227.0,729.0,-1.0,-1.0,0.0,0.0
-1.0,-1.0,-1.0,-1.0,-1.0,-1.0,-1.0,-1.0,-1.0,-1.0
258.0,764.0,258.0,764.0,258.0,764.0,2.01,2.01,0.0,0.0
220.0,717.0,250.0,761.0,235.0,739.0,-1.0,-1.0,0.0,0.0
-1.0,-1.0,-1.0,-1.0,-1.0,-1.0,-1.0,-1.0,-1.0,-1.0
287.0,781.0,287.0,781.0,287.0,781.0,2.11,2.11,0.0,0.0
259.0,724.0,291.0,775.0,275.0,749.0,-1.0,-1.0,0.0,0.0
245.0,700.0,262.0,727.0,253.0,713.0,-1.0,-1.0,0.0,0.0
-1.0,-1.0,-1.0,-1.0,-1.0,-1.0,-1.0,-1.0,-1.0,-1.0
235.0,712.0,250.0,732.0,242.0,722.0,-1.0,-1.0,0.0,0.0
-1.0,-1.0,-1.0,-1.0,-1.0,-1.0,-1.0,-1.0,-1.0,-1.0
250.0,732.0,250.0,732.0,250.0,732.0,1.76,1.76,0.0,0.0
226.0,720.0,248.0,729.0,237.0,724.0,-1.0,-1.0,0.0,0.0
-1.0,-1.0,-1.0,-1.0,-1.0,-1.0,-1.0,-1.0,-1.0,-1.0
254.0,736.0,254.0,736.0,254.0,736.0,1.69,1.69,0.0,0.0
243.0,741.0,228.0,748.0,235.0,744.0,-1.0,-1.0,0.0,0.0
243.0,714.0,216.0,705.0,229.0,709.0,-1.0,-1.0,0.0,0.0
-1.0,-1.0,-1.0,-1.0,-1.0,-1.0,-1.0,-1.0,-1.0,-1.0
246.0,717.0,220.0,684.0,233.0,700.0,-1.0,-1.0,0.0,0.0
253.0,727.0,235.0,711.0,244.0,719.0,-1.0,-1.0,0.0,0.0
276.0,717.0,276.0,717.0,276.0,717.0,2.45,2.45,0.0,0.0
253.0,730.0,278.0,728.0,265.0,729.0,-1.0,-1.0,0.0,0.0
227.0,705.0,290.0,768.0,258.0,736.0,-1.0,-1.0,0.0,0.0
261.0,744.0,261.0,744.0,261.0,744.0,2.11,2.11,0.0,0.0
220.0,693.0,253.0,742.0,236.0,717.0,-1.0,-1.0,0.0,0.0
250.0,725.0,250.0,725.0,250.0,725.0,-1.0,-1.0,0.0,0.0
240.0,711.0,240.0,711.0,240.0,711.0,1.81,1.81,0.0,0.0
245.0,689.0,240.0,713.0,242.0,701.0,-1.0,-1.0,0.0,0.0
-1.0,-1.0,-1.0,-1.0,-1.0,-1.0,-1.0,-1.0,-1.0,-1.0
236.0,714.0,236.0,714.0,236.0,714.0,1.78,1.78,0.0,0.0
248.0,729.0,241.0,713.0,244.0,721.0,-1.0,-1.0,0.0,0.0
227.0,664.0,227.0,664.0,227.0,664.0,-1.0,-1.0,0.0,0.0
-1.0,-1.0,-1.0,-1.0,-1.0,-1.0,-1.0,-1.0,-1.0,-1.0
267.0,737.0,218.0,670.0,242.0,703.0,-1.0,-1.0,0.0,0.0
265.0,726.0,231.0,718.0,248.0,722.0,-1.0,-1.0,0.0,0.0
-1.0,-1.0,-1.0,-1.0,-1.0,-1.0,-1.0,-1.0,-1.0,-1.0
246.0,708.0,255.0,724.0,250.0,716.0,-1.0,-1.0,0.0,0.0
233.0,686.0,233.0,686.0,233.0,686.0,-1.0,-1.0,0.0,0.0
238.0,713.0,238.0,713.0,238.0,713.0,1.83,1.83,0.0,0.0
251.0,702.0,234.0,715.0,242.0,708.0,-1.0,-1.0,0.0,0.0
249.0,705.0,238.0,729.0,243.0,717.0,-1.0,-1.0,0.0,0.0
-1.0,-1.0,-1.0,-1.0,-1.0,-1.0,-1.0,-1.0,-1.0,-1.0
249.0,699.0,245.0,730.0,247.0,714.0,-1.0,-1.0,0.0,0.0
252.0,695.0,252.0,695.0,252.0,695.0,-1.0,-1.0,0.0,0.0
261.0,702.0,261.0,702.0,261.0,702.0,2.16,2.16,0.0,0.0
327.0,662.0,313.0,690.0,320.0,676.0,-1.0,-1.0,0.0,0.0
-1.0,-1.0,-1.0,-1.0,-1.0,-1.0,-1.0,-1.0,-1.0,-1.0
-1.0,-1.0,-1.0,-1.0,-1.0,-1.0,-1.0,-1.0,-1.0,-1.0
332.0,626.0,393.0,756.0,362.0,691.0,-1.0,-1.0,0.0,0.0
-1.0,-1.0,-1.0,-1.0,-1.0,-1.0,-1.0,-1.0,-1.0,-1.0
-1.0,-1.0,-1.0,-1.0,-1.0,-1.0,-1.0,-1.0,-1.0,-1.0
425.0,712.0,425.0,712.0,425.0,712.0,-1.0,-1.0,0.0,0.0
408.0,638.0,408.0,638.0,408.0,638.0,-1.0,-1.0,0.0,0.0
-1.0,-1.0,-1.0,-1.0,-1.0,-1.0,-1.0,-1.0,-1.0,-1.0
412.0,630.0,412.0,630.0,412.0,630.0,-1.0,-1.0,0.0,0.0
445.0,692.0,445.0,692.0,445.0,692.0,-1.0,-1.0,0.0,0.0
424.0,799.0,424.0,799.0,424.0,799.0,2.12,2.12,0.0,0.0
444.0,679.0,444.0,679.0,444.0,679.0,-1.0,-1.0,0.0,0.0
444.0,705.0,444.0,705.0,444.0,705.0,-1.0,-1.0,0.0,0.0
-1.0,-1.0,-1.0,-1.0,-1.0,-1.0,-1.0,-1.0,-1.0,-1.0
415.0,728.0,415.0,728.0,415.0,728.0,-1.0,-1.0,0.0,0.0
412.0,699.0,412.0,699.0,412.0,699.0,-1.0,-1.0,0.0,0.0
411.0,699.0,411.0,699.0,411.0,699.0,2.56,2.56,0.0,0.0
415.0,691.0,415.0,691.0,415.0,691.0,-1.0,-1.0,0.0,0.0
-1.0,-1.0,-1.0,-1.0,-1.0,-1.0,-1.0,-1.0,-1.0,-1.0
414.0,691.0,414.0,691.0,414.0,691.0,2.66,2.66,0.0,0.0
411.0,723.0,411.0,723.0,411.0,723.0,-1.0,-1.0,0.0,0.0
423.0,698.0,423.0,698.0,423.0,698.0,-1.0,-1.0,0.0,0.0
381.0,660.0,381.0,660.0,381.0,660.0,3.01,3.01,0.0,0.0
424.0,704.0,381.0,663.0,402.0,683.0,-1.0,-1.0,0.0,0.0
-1.0,-1.0,-1.0,-1.0,-1.0,-1.0,-1.0,-1.0,-1.0,-1.0
-1.0,-1.0,-1.0,-1.0,-1.0,-1.0,-1.0,-1.0,-1.0,-1.0
411.0,703.0,289.0,448.0,350.0,575.0,-1.0,-1.0,0.0,0.0
394.0,681.0,394.0,681.0,394.0,681.0,-1.0,-1.0,0.0,0.0
546.0,790.0,546.0,790.0,546.0,790.0,2.8,2.8,0.0,0.0
399.0,722.0,399.0,722.0,399.0,722.0,-1.0,-1.0,0.0,0.0
-1.0,-1.0,-1.0,-1.0,-1.0,-1.0,-1.0,-1.0,-1.0,-1.0
-1.0,-1.0,-1.0,-1.0,-1.0,-1.0,-1.0,-1.0,-1.0,-1.0
419.0,697.0,419.0,697.0,419.0,697.0,-1.0,-1.0,0.0,0.0
-1.0,-1.0,-1.0,-1.0,-1.0,-1.0,-1.0,-1.0,-1.0,-1.0
-1.0,-1.0,-1.0,-1.0,-1.0,-1.0,-1.0,-1.0,-1.0,-1.0
397.0,690.0,397.0,690.0,397.0,690.0,-1.0,-1.0,0.0,0.0
-1.0,-1.0,-1.0,-1.0,-1.0,-1.0,-1.0,-1.0,-1.0,-1.0
394.0,697.0,394.0,697.0,394.0,697.0,2.19,2.19,0.0,0.0
389.0,713.0,372.0,747.0,380.0,730.0,-1.0,-1.0,0.0,0.0
-1.0,-1.0,-1.0,-1.0,-1.0,-1.0,-1.0,-1.0,-1.0,-1.0
-1.0,-1.0,-1.0,-1.0,-1.0,-1.0,-1.0,-1.0,-1.0,-1.0
395.0,720.0,361.0,752.0,378.0,736.0,-1.0,-1.0,0.0,0.0
-1.0,-1.0,-1.0,-1.0,-1.0,-1.0,-1.0,-1.0,-1.0,-1.0
-1.0,-1.0,-1.0,-1.0,-1.0,-1.0,-1.0,-1.0,-1.0,-1.0
380.0,722.0,382.0,712.0,381.0,717.0,-1.0,-1.0,0.0,0.0
-1.0,-1.0,-1.0,-1.0,-1.0,-1.0,-1.0,-1.0,-1.0,-1.0
-1.0,-1.0,-1.0,-1.0,-1.0,-1.0,-1.0,-1.0,-1.0,-1.0
368.0,721.0,375.0,704.0,371.0,712.0,-1.0,-1.0,0.0,0.0
-1.0,-1.0,-1.0,-1.0,-1.0,-1.0,-1.0,-1.0,-1.0,-1.0
-1.0,-1.0,-1.0,-1.0,-1.0,-1.0,-1.0,-1.0,-1.0,-1.0
627.0,742.0,573.0,689.0,600.0,715.0,-1.0,-1.0,0.0,0.0
-1.0,-1.0,-1.0,-1.0,-1.0,-1.0,-1.0,-1.0,-1.0,-1.0
-1.0,-1.0,-1.0,-1.0,-1.0,-1.0,-1.0,-1.0,-1.0,-1.0
618.0,718.0,631.0,713.0,624.0,715.0,-1.0,-1.0,0.0,0.0
644.0,705.0,645.0,711.0,644.0,708.0,-1.0,-1.0,0.0,0.0
645.0,711.0,645.0,711.0,645.0,711.0,1.69,1.69,0.0,0.0
660.0,709.0,615.0,671.0,637.0,690.0,-1.0,-1.0,0.0,0.0
658.0,714.0,626.0,643.0,642.0,678.0,-1.0,-1.0,0.0,0.0
626.0,670.0,626.0,670.0,626.0,670.0,2.04,2.04,0.0,0.0
632.0,708.0,624.0,736.0,628.0,722.0,-1.0,-1.0,0.0,0.0
681.0,678.0,641.0,734.0,661.0,706.0,-1.0,-1.0,0.0,0.0
-1.0,-1.0,-1.0,-1.0,-1.0,-1.0,-1.0,-1.0,-1.0,-1.0
687.0,685.0,646.0,737.0,666.0,711.0,-1.0,-1.0,0.0,0.0
712.0,672.0,642.0,762.0,677.0,717.0,-1.0,-1.0,0.0,0.0
660.0,778.0,660.0,778.0,660.0,778.0,1.51,1.51,0.0,0.0
740.0,677.0,630.0,685.0,685.0,681.0,-1.0,-1.0,0.0,0.0
686.0,727.0,661.0,634.0,673.0,680.0,-1.0,-1.0,0.0,0.0
-1.0,-1.0,-1.0,-1.0,-1.0,-1.0,-1.0,-1.0,-1.0,-1.0
664.0,714.0,666.0,635.0,665.0,674.0,-1.0,-1.0,0.0,0.0
645.0,737.0,663.0,703.0,654.0,720.0,-1.0,-1.0,0.0,0.0
663.0,703.0,663.0,703.0,663.0,703.0,2.56,2.56,0.0,0.0
615.0,717.0,700.0,725.0,657.0,721.0,-1.0,-1.0,0.0,0.0
615.0,678.0,695.0,747.0,655.0,712.0,-1.0,-1.0,0.0,0.0
695.0,747.0,695.0,747.0,695.0,747.0,2.52,2.52,0.0,0.0
627.0,680.0,656.0,735.0,641.0,707.0,-1.0,-1.0,0.0,0.0
643.0,704.0,648.0,720.0,645.0,712.0,-1.0,-1.0,0.0,0.0
-1.0,-1.0,-1.0,-1.0,-1.0,-1.0,-1.0,-1.0,-1.0,-1.0
683.0,709.0,631.0,708.0,657.0,708.0,-1.0,-1.0,0.0,0.0
718.0,687.0,718.0,687.0,718.0,687.0,-1.0,-1.0,0.0,0.0
-1.0,-1.0,-1.0,-1.0,-1.0,-1.0,-1.0,-1.0,-1.0,-1.0
661.0,737.0,711.0,676.0,686.0,706.0,-1.0,-1.0,0.0,0.0
656.0,746.0,656.0,746.0,656.0,746.0,-1.0,-1.0,0.0,0.0
-1.0,-1.0,-1.0,-1.0,-1.0,-1.0,-1.0,-1.0,-1.0,-1.0
-1.0,-1.0,-1.0,-1.0,-1.0,-1.0,-1.0,-1.0,-1.0,-1.0
-1.0,-1.0,-1.0,-1.0,-1.0,-1.0,-1.0,-1.0,-1.0,-1.0
-1.0,-1.0,-1.0,-1.0,-1.0,-1.0,-1.0,-1.0,-1.0,-1.0
-1.0,-1.0,-1.0,-1.0,-1.0,-1.0,-1.0,-1.0,-1.0,-1.0
-1.0,-1.0,-1.0,-1.0,-1.0,-1.0,-1.0,-1.0,-1.0,-1.0
-1.0,-1.0,-1.0,-1.0,-1.0,-1.0,-1.0,-1.0,-1.0,-1.0
-1.0,-1.0,-1.0,-1.0,-1.0,-1.0,-1.0,-1.0,-1.0,-1.0
-1.0,-1.0,-1.0,-1.0,-1.0,-1.0,-1.0,-1.0,-1.0,-1.0
-1.0,-1.0,-1.0,-1.0,-1.0,-1.0,-1.0,-1.0,-1.0,-1.0
-1.0,-1.0,-1.0,-1.0,-1.0,-1.0,-1.0,-1.0,-1.0,-1.0
-1.0,-1.0,-1.0,-1.0,-1.0,-1.0,-1.0,-1.0,-1.0,-1.0
-1.0,-1.0,-1.0,-1.0,-1.0,-1.0,-1.0,-1.0,-1.0,-1.0
-1.0,-1.0,-1.0,-1.0,-1.0,-1.0,-1.0,-1.0,-1.0,-1.0
-1.0,-1.0,-1.0,-1.0,-1.0,-1.0,-1.0,-1.0,-1.0,-1.0
-1.0,-1.0,-1.0,-1.0,-1.0,-1.0,-1.0,-1.0,-1.0,-1.0
-1.0,-1.0,-1.0,-1.0,-1.0,-1.0,-1.0,-1.0,-1.0,-1.0
940.0,706.0,819.0,783.0,879.0,744.0,-1.0,-1.0,0.0,0.0
-1.0,-1.0,-1.0,-1.0,-1.0,-1.0,-1.0,-1.0,-1.0,-1.0
-1.0,-1.0,-1.0,-1.0,-1.0,-1.0,-1.0,-1.0,-1.0,-1.0
945.0,678.0,937.0,716.0,941.0,697.0,-1.0,-1.0,0.0,0.0
-1.0,-1.0,-1.0,-1.0,-1.0,-1.0,-1.0,-1.0,-1.0,-1.0
873.0,698.0,873.0,698.0,873.0,698.0,-1.0,-1.0,0.0,0.0
859.0,701.0,829.0,836.0,844.0,768.0,-1.0,-1.0,0.0,0.0
859.0,701.0,859.0,701.0,859.0,701.0,2.44,2.44,0.0,0.0
892.0,689.0,892.0,689.0,892.0,689.0,-1.0,-1.0,0.0,0.0
862.0,683.0,918.0,657.0,890.0,670.0,-1.0,-1.0,0.0,0.0
-1.0,-1.0,-1.0,-1.0,-1.0,-1.0,-1.0,-1.0,-1.0,-1.0
882.0,803.0,882.0,803.0,882.0,803.0,-1.0,-1.0,0.0,0.0
895.0,709.0,885.0,744.0,890.0,726.0,-1.0,-1.0,0.0,0.0
-1.0,-1.0,-1.0,-1.0,-1.0,-1.0,-1.0,-1.0,-1.0,-1.0
910.0,700.0,802.0,679.0,856.0,689.0,-1.0,-1.0,0.0,0.0
900.0,707.0,900.0,707.0,900.0,707.0,-1.0,-1.0,0.0,0.0
-1.0,-1.0,-1.0,-1.0,-1.0,-1.0,-1.0,-1.0,-1.0,-1.0
879.0,691.0,879.0,691.0,879.0,691.0,-1.0,-1.0,0.0,0.0
789.0,687.0,789.0,687.0,789.0,687.0,-1.0,-1.0,0.0,0.0
-1.0,-1.0,-1.0,-1.0,-1.0,-1.0,-1.0,-1.0,-1.0,-1.0
883.0,692.0,865.0,775.0,874.0,733.0,-1.0,-1.0,0.0,0.0
887.0,661.0,887.0,661.0,887.0,661.0,-1.0,-1.0,0.0,0.0
-1.0,-1.0,-1.0,-1.0,-1.0,-1.0,-1.0,-1.0,-1.0,-1.0
-1.0,-1.0,-1.0,-1.0,-1.0,-1.0,-1.0,-1.0,-1.0,-1.0
879.0,694.0,887.0,762.0,883.0,728.0,-1.0,-1.0,0.0,0.0
879.0,694.0,879.0,694.0,879.0,694.0,3.1,3.1,0.0,0.0
-1.0,-1.0,-1.0,-1.0,-1.0,-1.0,-1.0,-1.0,-1.0,-1.0
900.0,702.0,900.0,702.0,900.0,702.0,-1.0,-1.0,0.0,0.0
-1.0,-1.0,-1.0,-1.0,-1.0,-1.0,-1.0,-1.0,-1.0,-1.0
853.0,710.0,853.0,710.0,853.0,710.0,-1.0,-1.0,0.0,0.0
850.0,714.0,887.0,741.0,868.0,727.0,-1.0,-1.0,0.0,0.0
-1.0,-1.0,-1.0,-1.0,-1.0,-1.0,-1.0,-1.0,-1.0,-1.0
-1.0,-1.0,-1.0,-1.0,-1.0,-1.0,-1.0,-1.0,-1.0,-1.0
859.0,679.0,866.0,697.0,862.0,688.0,-1.0,-1.0,0.0,0.0
-1.0,-1.0,-1.0,-1.0,-1.0,-1.0,-1.0,-1.0,-1.0,-1.0
-1.0,-1.0,-1.0,-1.0,-1.0,-1.0,-1.0,-1.0,-1.0,-1.0
903.0,703.0,903.0,703.0,903.0,703.0,-1.0,-1.0,0.0,0.0
-1.0,-1.0,-1.0,-1.0,-1.0,-1.0,-1.0,-1.0,-1.0,-1.0
881.0,735.0,881.0,735.0,881.0,735.0,-1.0,-1.0,0.0,0.0
988.0,618.0,988.0,618.0,988.0,618.0,-1.0,-1.0,0.0,0.0
-1.0,-1.0,-1.0,-1.0,-1.0,-1.0,-1.0,-1.0,-1.0,-1.0
-1.0,-1.0,-1.0,-1.0,-1.0,-1.0,-1.0,-1.0,-1.0,-1.0
869.0,718.0,896.0,702.0,882.0,710.0,-1.0,-1.0,0.0,0.0
-1.0,-1.0,-1.0,-1.0,-1.0,-1.0,-1.0,-1.0,-1.0,-1.0
820.0,696.0,820.0,696.0,820.0,696.0,-1.0,-1.0,0.0,0.0
819.0,683.0,817.0,708.0,818.0,695.0,-1.0,-1.0,0.0,0.0
-1.0,-1.0,-1.0,-1.0,-1.0,-1.0,-1.0,-1.0,-1.0,-1.0
731.0,682.0,731.0,682.0,731.0,682.0,-1.0,-1.0,0.0,0.0
856.0,671.0,720.0,680.0,788.0,675.0,-1.0,-1.0,0.0,0.0
-1.0,-1.0,-1.0,-1.0,-1.0,-1.0,-1.0,-1.0,-1.0,-1.0
858.0,651.0,775.0,705.0,816.0,678.0,-1.0,-1.0,0.0,0.0
-1.0,-1.0,-1.0,-1.0,-1.0,-1.0,-1.0,-1.0,-1.0,-1.0
-1.0,-1.0,-1.0,-1.0,-1.0,-1.0,-1.0,-1.0,-1.0,-1.0
805.0,712.0,805.0,712.0,805.0,712.0,-1.0,-1.0,0.0,0.0
803.0,736.0,803.0,736.0,803.0,736.0,-1.0,-1.0,0.0,0.0
-1.0,-1.0,-1.0,-1.0,-1.0,-1.0,-1.0,-1.0,-1.0,-1.0
-1.0,-1.0,-1.0,-1.0,-1.0,-1.0,-1.0,-1.0,-1.0,-1.0
833.0,690.0,833.0,690.0,833.0,690.0,-1.0,-1.0,0.0,0.0
-1.0,-1.0,-1.0,-1.0,-1.0,-1.0,-1.0,-1.0,-1.0,-1.0
-1.0,-1.0,-1.0,-1.0,-1.0,-1.0,-1.0,-1.0,-1.0,-1.0
835.0,657.0,870.0,681.0,852.0,669.0,-1.0,-1.0,0.0,0.0
835.0,657.0,835.0,657.0,835.0,657.0,3.01,3.01,0.0,0.0
788.0,674.0,788.0,674.0,788.0,674.0,-1.0,-1.0,0.0,0.0
818.0,661.0,818.0,661.0,818.0,661.0,-1.0,-1.0,0.0,0.0
818.0,661.0,818.0,661.0,818.0,661.0,3.48,3.48,0.0,0.0
824.0,672.0,788.0,662.0,806.0,667.0,-1.0,-1.0,0.0,0.0
813.0,696.0,783.0,681.0,798.0,688.0,-1.0,-1.0,0.0,0.0
-1.0,-1.0,-1.0,-1.0,-1.0,-1.0,-1.0,-1.0,-1.0,-1.0
798.0,679.0,798.0,679.0,798.0,679.0,-1.0,-1.0,0.0,0.0
-1.0,-1.0,-1.0,-1.0,-1.0,-1.0,-1.0,-1.0,-1.0,-1.0
-1.0,-1.0,-1.0,-1.0,-1.0,-1.0,-1.0,-1.0,-1.0,-1.0
817.0,689.0,779.0,666.0,798.0,677.0,-1.0,-1.0,0.0,0.0
844.0,569.0,844.0,569.0,844.0,569.0,-1.0,-1.0,0.0,0.0
759.0,709.0,759.0,709.0,759.0,709.0,3.66,3.66,0.0,0.0
849.0,612.0,849.0,612.0,849.0,612.0,-1.0,-1.0,0.0,0.0
-1.0,-1.0,-1.0,-1.0,-1.0,-1.0,-1.0,-1.0,-1.0,-1.0
759.0,709.0,759.0,709.0,759.0,709.0,3.13,3.13,0.0,0.0
708.0,697.0,845.0,634.0,776.0,665.0,-1.0,-1.0,0.0,0.0
766.0,704.0,766.0,704.0,766.0,704.0,-1.0,-1.0,0.0,0.0
-1.0,-1.0,-1.0,-1.0,-1.0,-1.0,-1.0,-1.0,-1.0,-1.0
781.0,712.0,781.0,712.0,781.0,712.0,-1.0,-1.0,0.0,0.0
780.0,698.0,780.0,698.0,780.0,698.0,-1.0,-1.0,0.0,0.0
-1.0,-1.0,-1.0,-1.0,-1.0,-1.0,-1.0,-1.0,-1.0,-1.0
727.0,691.0,770.0,695.0,748.0,693.0,-1.0,-1.0,0.0,0.0
803.0,678.0,786.0,698.0,794.0,688.0,-1.0,-1.0,0.0,0.0
-1.0,-1.0,-1.0,-1.0,-1.0,-1.0,-1.0,-1.0,-1.0,-1.0
-1.0,-1.0,-1.0,-1.0,-1.0,-1.0,-1.0,-1.0,-1.0,-1.0
767.0,692.0,767.0,692.0,767.0,692.0,-1.0,-1.0,0.0,0.0
-1.0,-1.0,-1.0,-1.0,-1.0,-1.0,-1.0,-1.0,-1.0,-1.0
849.0,685.0,711.0,647.0,780.0,666.0,-1.0,-1.0,0.0,0.0
-1.0,-1.0,-1.0,-1.0,-1.0,-1.0,-1.0,-1.0,-1.0,-1.0
-1.0,-1.0,-1.0,-1.0,-1.0,-1.0,-1.0,-1.0,-1.0,-1.0
684.0,657.0,718.0,624.0,701.0,640.0,-1.0,-1.0,0.0,0.0
742.0,617.0,742.0,617.0,742.0,617.0,-1.0,-1.0,0.0,0.0
-1.0,-1.0,-1.0,-1.0,-1.0,-1.0,-1.0,-1.0,-1.0,-1.0
-1.0,-1.0,-1.0,-1.0,-1.0,-1.0,-1.0,-1.0,-1.0,-1.0
787.0,648.0,787.0,648.0,787.0,648.0,-1.0,-1.0,0.0,0.0
-1.0,-1.0,-1.0,-1.0,-1.0,-1.0,-1.0,-1.0,-1.0,-1.0
-1.0,-1.0,-1.0,-1.0,-1.0,-1.0,-1.0,-1.0,-1.0,-1.0
929.0,640.0,929.0,640.0,929.0,640.0,-1.0,-1.0,0.0,0.0
-1.0,-1.0,-1.0,-1.0,-1.0,-1.0,-1.0,-1.0,-1.0,-1.0
774.0,711.0,806.0,644.0,790.0,677.0,-1.0,-1.0,0.0,0.0
844.0,696.0,844.0,696.0,844.0,696.0,-1.0,-1.0,0.0,0.0
-1.0,-1.0,-1.0,-1.0,-1.0,-1.0,-1.0,-1.0,-1.0,-1.0
918.0,680.0,918.0,680.0,918.0,680.0,-1.0,-1.0,0.0,0.0
972.0,700.0,868.0,661.0,920.0,680.0,-1.0,-1.0,0.0,0.0
-1.0,-1.0,-1.0,-1.0,-1.0,-1.0,-1.0,-1.0,-1.0,-1.0
-1.0,-1.0,-1.0,-1.0,-1.0,-1.0,-1.0,-1.0,-1.0,-1.0
954.0,715.0,1031.0,686.0,992.0,700.0,-1.0,-1.0,0.0,0.0
-1.0,-1.0,-1.0,-1.0,-1.0,-1.0,-1.0,-1.0,-1.0,-1.0
961.0,730.0,998.0,687.0,979.0,708.0,-1.0,-1.0,0.0,0.0
991.0,711.0,991.0,711.0,991.0,711.0,-1.0,-1.0,0.0,0.0
-1.0,-1.0,-1.0,-1.0,-1.0,-1.0,-1.0,-1.0,-1.0,-1.0
-1.0,-1.0,-1.0,-1.0,-1.0,-1.0,-1.0,-1.0,-1.0,-1.0
1009.0,668.0,970.0,714.0,989.0,691.0,-1.0,-1.0,0.0,0.0
-1.0,-1.0,-1.0,-1.0,-1.0,-1.0,-1.0,-1.0,-1.0,-1.0
-1.0,-1.0,-1.0,-1.0,-1.0,-1.0,-1.0,-1.0,-1.0,-1.0
1001.0,721.0,988.0,700.0,994.0,710.0,-1.0,-1.0,0.0,0.0
-1.0,-1.0,-1.0,-1.0,-1.0,-1.0,-1.0,-1.0,-1.0,-1.0
-1.0,-1.0,-1.0,-1.0,-1.0,-1.0,-1.0,-1.0,-1.0,-1.0
991.0,736.0,972.0,714.0,981.0,725.0,-1.0,-1.0,0.0,0.0
991.0,736.0,991.0,736.0,991.0,736.0,3.41,3.41,0.0,0.0
942.0,698.0,942.0,698.0,942.0,698.0,-1.0,-1.0,0.0,0.0
922.0,704.0,1038.0,759.0,980.0,731.0,-1.0,-1.0,0.0,0.0
-1.0,-1.0,-1.0,-1.0,-1.0,-1.0,-1.0,-1.0,-1.0,-1.0
-1.0,-1.0,-1.0,-1.0,-1.0,-1.0,-1.0,-1.0,-1.0,-1.0
986.0,678.0,1114.0,669.0,1050.0,673.0,-1.0,-1.0,0.0,0.0
986.0,678.0,986.0,678.0,986.0,678.0,3.63,3.63,0.0,0.0
-1.0,-1.0,-1.0,-1.0,-1.0,-1.0,-1.0,-1.0,-1.0,-1.0
1018.0,707.0,983.0,726.0,1000.0,716.0,-1.0,-1.0,0.0,0.0
-1.0,-1.0,-1.0,-1.0,-1.0,-1.0,-1.0,-1.0,-1.0,-1.0
967.0,701.0,967.0,701.0,967.0,701.0,-1.0,-1.0,0.0,0.0
966.0,706.0,1022.0,717.0,994.0,711.0,-1.0,-1.0,0.0,0.0
-1.0,-1.0,-1.0,-1.0,-1.0,-1.0,-1.0,-1.0,-1.0,-1.0
-1.0,-1.0,-1.0,-1.0,-1.0,-1.0,-1.0,-1.0,-1.0,-1.0
979.0,694.0,952.0,737.0,965.0,715.0,-1.0,-1.0,0.0,0.0
-1.0,-1.0,-1.0,-1.0,-1.0,-1.0,-1.0,-1.0,-1.0,-1.0
-1.0,-1.0,-1.0,-1.0,-1.0,-1.0,-1.0,-1.0,-1.0,-1.0
1060.0,683.0,1034.0,705.0,1047.0,694.0,-1.0,-1.0,0.0,0.0
-1.0,-1.0,-1.0,-1.0,-1.0,-1.0,-1.0,-1.0,-1.0,-1.0
-1.0,-1.0,-1.0,-1.0,-1.0,-1.0,-1.0,-1.0,-1.0,-1.0
1035.0,722.0,1020.0,675.0,1027.0,698.0,-1.0,-1.0,0.0,0.0
-1.0,-1.0,-1.0,-1.0,-1.0,-1.0,-1.0,-1.0,-1.0,-1.0
-1.0,-1.0,-1.0,-1.0,-1.0,-1.0,-1.0,-1.0,-1.0,-1.0
1020.0,701.0,993.0,690.0,1006.0,695.0,-1.0,-1.0,0.0,0.0
-1.0,-1.0,-1.0,-1.0,-1.0,-1.0,-1.0,-1.0,-1.0,-1.0
-1.0,-1.0,-1.0,-1.0,-1.0,-1.0,-1.0,-1.0,-1.0,-1.0
1047.0,696.0,1059.0,696.0,1053.0,696.0,-1.0,-1.0,0.0,0.0
1047.0,696.0,1047.0,696.0,1047.0,696.0,3.4,3.4,0.0,0.0
867.0,760.0,867.0,760.0,867.0,760.0,-1.0,-1.0,0.0,0.0
818.0,539.0,1198.0,668.0,1008.0,603.0,-1.0,-1.0,0.0,0.0
-1.0,-1.0,-1.0,-1.0,-1.0,-1.0,-1.0,-1.0,-1.0,-1.0
-1.0,-1.0,-1.0,-1.0,-1.0,-1.0,-1.0,-1.0,-1.0,-1.0
825.0,539.0,1130.0,702.0,977.0,620.0,-1.0,-1.0,0.0,0.0
881.0,519.0,881.0,519.0,881.0,519.0,3.5,3.5,0.0,0.0
-1.0,-1.0,-1.0,-1.0,-1.0,-1.0,-1.0,-1.0,-1.0,-1.0
885.0,842.0,1180.0,697.0,1032.0,769.0,-1.0,-1.0,0.0,0.0
-1.0,-1.0,-1.0,-1.0,-1.0,-1.0,-1.0,-1.0,-1.0,-1.0
1180.0,692.0,1180.0,692.0,1180.0,692.0,-1.0,-1.0,0.0,0.0
1112.0,695.0,1112.0,695.0,1112.0,695.0,-1.0,-1.0,0.0,0.0
-1.0,-1.0,-1.0,-1.0,-1.0,-1.0,-1.0,-1.0,-1.0,-1.0
1179.0,582.0,1179.0,582.0,1179.0,582.0,-1.0,-1.0,0.0,0.0
1121.0,686.0,1186.0,588.0,1153.0,637.0,-1.0,-1.0,0.0,0.0
-1.0,-1.0,-1.0,-1.0,-1.0,-1.0,-1.0,-1.0,-1.0,-1.0
-1.0,-1.0,-1.0,-1.0,-1.0,-1.0,-1.0,-1.0,-1.0,-1.0
1146.0,732.0,1146.0,732.0,1146.0,732.0,-1.0,-1.0,0.0,0.0
-1.0,-1.0,-1.0,-1.0,-1.0,-1.0,-1.0,-1.0,-1.0,-1.0
-1.0,-1.0,-1.0,-1.0,-1.0,-1.0,-1.0,-1.0,-1.0,-1.0
1238.0,679.0,1238.0,679.0,1238.0,679.0,-1.0,-1.0,0.0,0.0
-1.0,-1.0,-1.0,-1.0,-1.0,-1.0,-1.0,-1.0,-1.0,-1.0
-1.0,-1.0,-1.0,-1.0,-1.0,-1.0,-1.0,-1.0,-1.0,-1.0
1185.0,675.0,1185.0,675.0,1185.0,675.0,-1.0,-1.0,0.0,0.0
-1.0,-1.0,-1.0,-1.0,-1.0,-1.0,-1.0,-1.0,-1.0,-1.0
1105.0,683.0,1105.0,683.0,1105.0,683.0,-1.0,-1.0,0.0,0.0
1185.0,689.0,1151.0,683.0,1168.0,686.0,-1.0,-1.0,0.0,0.0
1185.0,689.0,1185.0,689.0,1185.0,689.0,3.48,3.48,0.0,0.0
-1.0,-1.0,-1.0,-1.0,-1.0,-1.0,-1.0,-1.0,-1.0,-1.0
1185.0,698.0,1185.0,698.0,1185.0,698.0,-1.0,-1.0,0.0,0.0
-1.0,-1.0,-1.0,-1.0,-1.0,-1.0,-1.0,-1.0,-1.0,-1.0
-1.0,-1.0,-1.0,-1.0,-1.0,-1.0,-1.0,-1.0,-1.0,-1.0
1249.0,700.0,1249.0,700.0,1249.0,700.0,-1.0,-1.0,0.0,0.0
1249.0,700.0,1249.0,700.0,1249.0,700.0,3.69,3.69,0.0,0.0
-1.0,-1.0,-1.0,-1.0,-1.0,-1.0,-1.0,-1.0,-1.0,-1.0
887.0,797.0,1225.0,706.0,1056.0,751.0,-1.0,-1.0,0.0,0.0
-1.0,-1.0,-1.0,-1.0,-1.0,-1.0,-1.0,-1.0,-1.0,-1.0
-1.0,-1.0,-1.0,-1.0,-1.0,-1.0,-1.0,-1.0,-1.0,-1.0
896.0,788.0,1261.0,692.0,1078.0,740.0,-1.0,-1.0,0.0,0.0
-1.0,-1.0,-1.0,-1.0,-1.0,-1.0,-1.0,-1.0,-1.0,-1.0
-1.0,-1.0,-1.0,-1.0,-1.0,-1.0,-1.0,-1.0,-1.0,-1.0
1291.0,699.0,1259.0,699.0,1275.0,699.0,-1.0,-1.0,0.0,0.0
1291.0,699.0,1291.0,699.0,1291.0,699.0,3.71,3.71,0.0,0.0
-1.0,-1.0,-1.0,-1.0,-1.0,-1.0,-1.0,-1.0,-1.0,-1.0
1272.0,718.0,1272.0,718.0,1272.0,718.0,-1.0,-1.0,0.0,0.0
-1.0,-1.0,-1.0,-1.0,-1.0,-1.0,-1.0,-1.0,-1.0,-1.0
-1.0,-1.0,-1.0,-1.0,-1.0,-1.0,-1.0,-1.0,-1.0,-1.0
1235.0,743.0,1235.0,743.0,1235.0,743.0,-1.0,-1.0,0.0,0.0
-1.0,-1.0,-1.0,-1.0,-1.0,-1.0,-1.0,-1.0,-1.0,-1.0
-1.0,-1.0,-1.0,-1.0,-1.0,-1.0,-1.0,-1.0,-1.0,-1.0
1285.0,701.0,1270.0,671.0,1277.0,686.0,-1.0,-1.0,0.0,0.0
-1.0,-1.0,-1.0,-1.0,-1.0,-1.0,-1.0,-1.0,-1.0,-1.0
1225.0,629.0,1225.0,629.0,1225.0,629.0,-1.0,-1.0,0.0,0.0
1275.0,687.0,1275.0,687.0,1275.0,687.0,-1.0,-1.0,0.0,0.0
-1.0,-1.0,-1.0,-1.0,-1.0,-1.0,-1.0,-1.0,-1.0,-1.0
-1.0,-1.0,-1.0,-1.0,-1.0,-1.0,-1.0,-1.0,-1.0,-1.0
1263.0,700.0,1263.0,700.0,1263.0,700.0,-1.0,-1.0,0.0,0.0
-1.0,-1.0,-1.0,-1.0,-1.0,-1.0,-1.0,-1.0,-1.0,-1.0
-1.0,-1.0,-1.0,-1.0,-1.0,-1.0,-1.0,-1.0,-1.0,-1.0
1175.0,689.0,1182.0,680.0,1178.0,684.0,-1.0,-1.0,0.0,0.0
-1.0,-1.0,-1.0,-1.0,-1.0,-1.0,-1.0,-1.0,-1.0,-1.0
-1.0,-1.0,-1.0,-1.0,-1.0,-1.0,-1.0,-1.0,-1.0,-1.0
1164.0,749.0,1147.0,692.0,1155.0,720.0,-1.0,-1.0,0.0,0.0
-1.0,-1.0,-1.0,-1.0,-1.0,-1.0,-1.0,-1.0,-1.0,-1.0
-1.0,-1.0,-1.0,-1.0,-1.0,-1.0,-1.0,-1.0,-1.0,-1.0
1212.0,690.0,1201.0,693.0,1206.0,691.0,-1.0,-1.0,0.0,0.0
-1.0,-1.0,-1.0,-1.0,-1.0,-1.0,-1.0,-1.0,-1.0,-1.0
-1.0,-1.0,-1.0,-1.0,-1.0,-1.0,-1.0,-1.0,-1.0,-1.0
-1.0,-1.0,-1.0,-1.0,-1.0,-1.0,-1.0,-1.0,-1.0,-1.0
-1.0,-1.0,-1.0,-1.0,-1.0,-1.0,-1.0,-1.0,-1.0,-1.0
-1.0,-1.0,-1.0,-1.0,-1.0,-1.0,-1.0,-1.0,-1.0,-1.0
1213.0,703.0,1213.0,703.0,1213.0,703.0,-1.0,-1.0,0.0,0.0
-1.0,-1.0,-1.0,-1.0,-1.0,-1.0,-1.0,-1.0,-1.0,-1.0
-1.0,-1.0,-1.0,-1.0,-1.0,-1.0,-1.0,-1.0,-1.0,-1.0
1200.0,698.0,1200.0,698.0,1200.0,698.0,-1.0,-1.0,0.0,0.0
1200.0,698.0,1200.0,698.0,1200.0,698.0,3.56,3.56,0.0,0.0
-1.0,-1.0,-1.0,-1.0,-1.0,-1.0,-1.0,-1.0,-1.0,-1.0
1192.0,679.0,1177.0,661.0,1184.0,670.0,-1.0,-1.0,0.0,0.0
-1.0,-1.0,-1.0,-1.0,-1.0,-1.0,-1.0,-1.0,-1.0,-1.0
1132.0,665.0,1132.0,665.0,1132.0,665.0,-1.0,-1.0,0.0,0.0
1184.0,651.0,1184.0,651.0,1184.0,651.0,-1.0,-1.0,0.0,0.0
1184.0,651.0,1184.0,651.0,1184.0,651.0,3.52,3.52,0.0,0.0
1147.0,641.0,1147.0,641.0,1147.0,641.0,-1.0,-1.0,0.0,0.0
1209.0,726.0,1209.0,726.0,1209.0,726.0,-1.0,-1.0,0.0,0.0
-1.0,-1.0,-1.0,-1.0,-1.0,-1.0,-1.0,-1.0,-1.0,-1.0
1260.0,679.0,1260.0,679.0,1260.0,679.0,-1.0,-1.0,0.0,0.0
929.0,874.0,1316.0,690.0,1122.0,782.0,-1.0,-1.0,0.0,0.0
-1.0,-1.0,-1.0,-1.0,-1.0,-1.0,-1.0,-1.0,-1.0,-1.0
-1.0,-1.0,-1.0,-1.0,-1.0,-1.0,-1.0,-1.0,-1.0,-1.0
1344.0,718.0,1305.0,684.0,1324.0,701.0,-1.0,-1.0,0.0,0.0
-1.0,-1.0,-1.0,-1.0,-1.0,-1.0,-1.0,-1.0,-1.0,-1.0
1322.0,647.0,1322.0,647.0,1322.0,647.0,-1.0,-1.0,0.0,0.0
1333.0,704.0,1321.0,661.0,1327.0,682.0,-1.0,-1.0,0.0,0.0
-1.0,-1.0,-1.0,-1.0,-1.0,-1.0,-1.0,-1.0,-1.0,-1.0
-1.0,-1.0,-1.0,-1.0,-1.0,-1.0,-1.0,-1.0,-1.0,-1.0
1355.0,719.0,1300.0,660.0,1327.0,689.0,-1.0,-1.0,0.0,0.0
-1.0,-1.0,-1.0,-1.0,-1.0,-1.0,-1.0,-1.0,-1.0,-1.0
1282.0,699.0,1282.0,699.0,1282.0,699.0,-1.0,-1.0,0.0,0.0
1332.0,666.0,1300.0,708.0,1316.0,687.0,-1.0,-1.0,0.0,0.0
-1.0,-1.0,-1.0,-1.0,-1.0,-1.0,-1.0,-1.0,-1.0,-1.0
-1.0,-1.0,-1.0,-1.0,-1.0,-1.0,-1.0,-1.0,-1.0,-1.0
1316.0,700.0,1293.0,688.0,1304.0,694.0,-1.0,-1.0,0.0,0.0
1293.0,688.0,1293.0,688.0,1293.0,688.0,2.32,2.32,0.0,0.0
1249.0,719.0,1249.0,719.0,1249.0,719.0,-1.0,-1.0,0.0,0.0
1315.0,702.0,1236.0,730.0,1275.0,716.0,-1.0,-1.0,0.0,0.0
1240.0,741.0,1240.0,741.0,1240.0,741.0,2.15,2.15,0.0,0.0
1283.0,607.0,1283.0,607.0,1283.0,607.0,-1.0,-1.0,0.0,0.0
1287.0,612.0,1252.0,745.0,1269.0,678.0,-1.0,-1.0,0.0,0.0
-1.0,-1.0,-1.0,-1.0,-1.0,-1.0,-1.0,-1.0,-1.0,-1.0
-1.0,-1.0,-1.0,-1.0,-1.0,-1.0,-1.0,-1.0,-1.0,-1.0
1284.0,615.0,1226.0,785.0,1255.0,700.0,-1.0,-1.0,0.0,0.0
1323.0,669.0,1323.0,669.0,1323.0,669.0,1.57,1.57,0.0,0.0
-1.0,-1.0,-1.0,-1.0,-1.0,-1.0,-1.0,-1.0,-1.0,-1.0
1357.0,744.0,1292.0,693.0,1324.0,718.0,-1.0,-1.0,0.0,0.0
-1.0,-1.0,-1.0,-1.0,-1.0,-1.0,-1.0,-1.0,-1.0,-1.0
1293.0,670.0,1293.0,670.0,1293.0,670.0,-1.0,-1.0,0.0,0.0
1353.0,733.0,1310.0,693.0,1331.0,713.0,-1.0,-1.0,0.0,0.0
-1.0,-1.0,-1.0,-1.0,-1.0,-1.0,-1.0,-1.0,-1.0,-1.0
1288.0,670.0,1288.0,670.0,1288.0,670.0,-1.0,-1.0,0.0,0.0
1297.0,681.0,1289.0,692.0,1293.0,686.0,-1.0,-1.0,0.0,0.0
-1.0,-1.0,-1.0,-1.0,-1.0,-1.0,-1.0,-1.0,-1.0,-1.0
-1.0,-1.0,-1.0,-1.0,-1.0,-1.0,-1.0,-1.0,-1.0,-1.0
1301.0,675.0,1292.0,702.0,1296.0,688.0,-1.0,-1.0,0.0,0.0
-1.0,-1.0,-1.0,-1.0,-1.0,-1.0,-1.0,-1.0,-1.0,-1.0
-1.0,-1.0,-1.0,-1.0,-1.0,-1.0,-1.0,-1.0,-1.0,-1.0
-1.0,-1.0,-1.0,-1.0,-1.0,-1.0,-1.0,-1.0,-1.0,-1.0
-1.0,-1.0,-1.0,-1.0,-1.0,-1.0,-1.0,-1.0,-1.0,-1.0
-1.0,-1.0,-1.0,-1.0,-1.0,-1.0,-1.0,-1.0,-1.0,-1.0
1312.0,716.0,1308.0,705.0,1310.0,710.0,-1.0,-1.0,0.0,0.0
-1.0,-1.0,-1.0,-1.0,-1.0,-1.0,-1.0,-1.0,-1.0,-1.0
-1.0,-1.0,-1.0,-1.0,-1.0,-1.0,-1.0,-1.0,-1.0,-1.0
1307.0,712.0,1295.0,694.0,1301.0,703.0,-1.0,-1.0,0.0,0.0
-1.0,-1.0,-1.0,-1.0,-1.0,-1.0,-1.0,-1.0,-1.0,-1.0
1320.0,623.0,1320.0,623.0,1320.0,623.0,-1.0,-1.0,0.0,0.0
1310.0,707.0,1318.0,632.0,1314.0,669.0,-1.0,-1.0,0.0,0.0
1251.0,726.0,1251.0,726.0,1251.0,726.0,2.22,2.22,0.0,0.0
1252.0,738.0,1252.0,738.0,1252.0,738.0,-1.0,-1.0,0.0,0.0
1334.0,697.0,1334.0,697.0,1334.0,697.0,-1.0,-1.0,0.0,0.0
1277.0,697.0,1277.0,697.0,1277.0,697.0,1.93,1.93,0.0,0.0
1327.0,590.0,1257.0,724.0,1292.0,657.0,-1.0,-1.0,0.0,0.0
1323.0,596.0,1323.0,596.0,1323.0,596.0,-1.0,-1.0,0.0,0.0
-1.0,-1.0,-1.0,-1.0,-1.0,-1.0,-1.0,-1.0,-1.0,-1.0
1239.0,703.0,1239.0,703.0,1239.0,703.0,-1.0,-1.0,0.0,0.0
-1.0,-1.0,-1.0,-1.0,-1.0,-1.0,-1.0,-1.0,-1.0,-1.0
1248.0,730.0,1248.0,730.0,1248.0,730.0,2.09,2.09,0.0,0.0
-1.0,-1.0,-1.0,-1.0,-1.0,-1.0,-1.0,-1.0,-1.0,-1.0
1450.0,710.0,1316.0,729.0,1383.0,719.0,-1.0,-1.0,0.0,0.0
-1.0,-1.0,-1.0,-1.0,-1.0,-1.0,-1.0,-1.0,-1.0,-1.0
1450.0,710.0,1357.0,707.0,1403.0,708.0,-1.0,-1.0,0.0,0.0
1420.0,715.0,1371.0,695.0,1395.0,705.0,-1.0,-1.0,0.0,0.0
-1.0,-1.0,-1.0,-1.0,-1.0,-1.0,-1.0,-1.0,-1.0,-1.0
1490.0,623.0,1490.0,623.0,1490.0,623.0,-1.0,-1.0,0.0,0.0
1442.0,735.0,1463.0,637.0,1452.0,686.0,-1.0,-1.0,0.0,0.0
-1.0,-1.0,-1.0,-1.0,-1.0,-1.0,-1.0,-1.0,-1.0,-1.0
-1.0,-1.0,-1.0,-1.0,-1.0,-1.0,-1.0,-1.0,-1.0,-1.0
1427.0,733.0,1459.0,618.0,1443.0,675.0,-1.0,-1.0,0.0,0.0
-1.0,-1.0,-1.0,-1.0,-1.0,-1.0,-1.0,-1.0,-1.0,-1.0
-1.0,-1.0,-1.0,-1.0,-1.0,-1.0,-1.0,-1.0,-1.0,-1.0
1427.0,712.0,1419.0,707.0,1423.0,709.0,-1.0,-1.0,0.0,0.0
-1.0,-1.0,-1.0,-1.0,-1.0,-1.0,-1.0,-1.0,-1.0,-1.0
-1.0,-1.0,-1.0,-1.0,-1.0,-1.0,-1.0,-1.0,-1.0,-1.0
1421.0,734.0,1410.0,731.0,1415.0,732.0,-1.0,-1.0,0.0,0.0
1388.0,752.0,1388.0,752.0,1388.0,752.0,2.12,2.12,0.0,0.0
1372.0,741.0,1372.0,741.0,1372.0,741.0,-1.0,-1.0,0.0,0.0
1437.0,681.0,1369.0,737.0,1403.0,709.0,-1.0,-1.0,0.0,0.0
1409.0,726.0,1409.0,726.0,1409.0,726.0,1.7,1.7,0.0,0.0
1408.0,709.0,1408.0,709.0,1408.0,709.0,-1.0,-1.0,0.0,0.0
1437.0,713.0,1417.0,705.0,1427.0,709.0,-1.0,-1.0,0.0,0.0
-1.0,-1.0,-1.0,-1.0,-1.0,-1.0,-1.0,-1.0,-1.0,-1.0
1439.0,621.0,1425.0,718.0,1432.0,669.0,-1.0,-1.0,0.0,0.0
1446.0,623.0,1421.0,727.0,1433.0,675.0,-1.0,-1.0,0.0,0.0
-1.0,-1.0,-1.0,-1.0,-1.0,-1.0,-1.0,-1.0,-1.0,-1.0
-1.0,-1.0,-1.0,-1.0,-1.0,-1.0,-1.0,-1.0,-1.0,-1.0
1394.0,747.0,1399.0,710.0,1396.0,728.0,-1.0,-1.0,0.0,0.0
1396.0,715.0,1396.0,715.0,1396.0,715.0,1.88,1.88,0.0,0.0
1399.0,710.0,1399.0,710.0,1399.0,710.0,-1.0,-1.0,0.0,0.0
1394.0,791.0,1400.0,721.0,1397.0,756.0,-1.0,-1.0,0.0,0.0
-1.0,-1.0,-1.0,-1.0,-1.0,-1.0,-1.0,-1.0,-1.0,-1.0
-1.0,-1.0,-1.0,-1.0,-1.0,-1.0,-1.0,-1.0,-1.0,-1.0
1402.0,804.0,1420.0,737.0,1411.0,770.0,-1.0,-1.0,0.0,0.0
-1.0,-1.0,-1.0,-1.0,-1.0,-1.0,-1.0,-1.0,-1.0,-1.0
1469.0,650.0,1420.0,737.0,1444.0,693.0,-1.0,-1.0,0.0,0.0
1471.0,638.0,1405.0,719.0,1438.0,678.0,-1.0,-1.0,0.0,0.0
-1.0,-1.0,-1.0,-1.0,-1.0,-1.0,-1.0,-1.0,-1.0,-1.0
1404.0,714.0,1404.0,714.0,1404.0,714.0,-1.0,-1.0,0.0,0.0
1472.0,644.0,1390.0,714.0,1431.0,679.0,-1.0,-1.0,0.0,0.0
-1.0,-1.0,-1.0,-1.0,-1.0,-1.0,-1.0,-1.0,-1.0,-1.0
1464.0,633.0,1464.0,633.0,1464.0,633.0,-1.0,-1.0,0.0,0.0
1449.0,641.0,1414.0,750.0,1431.0,695.0,-1.0,-1.0,0.0,0.0
-1.0,-1.0,-1.0,-1.0,-1.0,-1.0,-1.0,-1.0,-1.0,-1.0
-1.0,-1.0,-1.0,-1.0,-1.0,-1.0,-1.0,-1.0,-1.0,-1.0
-1.0,-1.0,-1.0,-1.0,-1.0,-1.0,-1.0,-1.0,-1.0,-1.0
-1.0,-1.0,-1.0,-1.0,-1.0,-1.0,-1.0,-1.0,-1.0,-1.0
1414.0,750.0,1414.0,750.0,1414.0,750.0,-1.0,-1.0,0.0,0.0
1464.0,748.0,1402.0,735.0,1433.0,741.0,-1.0,-1.0,0.0,0.0
-1.0,-1.0,-1.0,-1.0,-1.0,-1.0,-1.0,-1.0,-1.0,-1.0
1439.0,658.0,1402.0,735.0,1420.0,696.0,-1.0,-1.0,0.0,0.0
1448.0,661.0,1460.0,699.0,1454.0,680.0,-1.0,-1.0,0.0,0.0
-1.0,-1.0,-1.0,-1.0,-1.0,-1.0,-1.0,-1.0,-1.0,-1.0
1462.0,706.0,1462.0,706.0,1462.0,706.0,-1.0,-1.0,0.0,0.0
1460.0,637.0,1475.0,709.0,1467.0,673.0,-1.0,-1.0,0.0,0.0
-1.0,-1.0,-1.0,-1.0,-1.0,-1.0,-1.0,-1.0,-1.0,-1.0
1468.0,637.0,1481.0,716.0,1474.0,676.0,-1.0,-1.0,0.0,0.0
1472.0,620.0,1468.0,717.0,1470.0,668.0,-1.0,-1.0,0.0,0.0
-1.0,-1.0,-1.0,-1.0,-1.0,-1.0,-1.0,-1.0,-1.0,-1.0
1493.0,722.0,1477.0,708.0,1485.0,715.0,-1.0,-1.0,0.0,0.0
1482.0,721.0,1494.0,729.0,1488.0,725.0,-1.0,-1.0,0.0,0.0
-1.0,-1.0,-1.0,-1.0,-1.0,-1.0,-1.0,-1.0,-1.0,-1.0
1509.0,704.0,1483.0,739.0,1496.0,721.0,-1.0,-1.0,0.0,0.0
1510.0,735.0,1485.0,715.0,1497.0,725.0,-1.0,-1.0,0.0,0.0
-1.0,-1.0,-1.0,-1.0,-1.0,-1.0,-1.0,-1.0,-1.0,-1.0
1515.0,723.0,1515.0,723.0,1515.0,723.0,-1.0,-1.0,0.0,0.0
1502.0,718.0,1463.0,726.0,1482.0,722.0,-1.0,-1.0,0.0,0.0
-1.0,-1.0,-1.0,-1.0,-1.0,-1.0,-1.0,-1.0,-1.0,-1.0
1464.0,730.0,1464.0,730.0,1464.0,730.0,-1.0,-1.0,0.0,0.0
1523.0,703.0,1494.0,710.0,1508.0,706.0,-1.0,-1.0,0.0,0.0
-1.0,-1.0,-1.0,-1.0,-1.0,-1.0,-1.0,-1.0,-1.0,-1.0
-1.0,-1.0,-1.0,-1.0,-1.0,-1.0,-1.0,-1.0,-1.0,-1.0
1519.0,705.0,1513.0,703.0,1516.0,704.0,-1.0,-1.0,0.0,0.0
-1.0,-1.0,-1.0,-1.0,-1.0,-1.0,-1.0,-1.0,-1.0,-1.0
-1.0,-1.0,-1.0,-1.0,-1.0,-1.0,-1.0,-1.0,-1.0,-1.0
1483.0,735.0,1501.0,709.0,1492.0,722.0,-1.0,-1.0,0.0,0.0
-1.0,-1.0,-1.0,-1.0,-1.0,-1.0,-1.0,-1.0,-1.0,-1.0
1502.0,693.0,1502.0,693.0,1502.0,693.0,-1.0,-1.0,0.0,0.0
1515.0,736.0,1512.0,693.0,1513.0,714.0,-1.0,-1.0,0.0,0.0
-1.0,-1.0,-1.0,-1.0,-1.0,-1.0,-1.0,-1.0,-1.0,-1.0
1517.0,723.0,1517.0,723.0,1517.0,723.0,-1.0,-1.0,0.0,0.0
1521.0,713.0,1499.0,696.0,1510.0,704.0,-1.0,-1.0,0.0,0.0
1499.0,695.0,1499.0,695.0,1499.0,695.0,2.07,2.07,0.0,0.0
1518.0,721.0,1496.0,689.0,1507.0,705.0,-1.0,-1.0,0.0,0.0
1520.0,740.0,1494.0,695.0,1507.0,717.0,-1.0,-1.0,0.0,0.0
-1.0,-1.0,-1.0,-1.0,-1.0,-1.0,-1.0,-1.0,-1.0,-1.0
1410.0,724.0,1410.0,724.0,1410.0,724.0,-1.0,-1.0,0.0,0.0
1548.0,733.0,1421.0,732.0,1484.0,732.0,-1.0,-1.0,0.0,0.0
1526.0,730.0,1526.0,730.0,1526.0,730.0,1.75,1.75,0.0,0.0
1549.0,725.0,1549.0,725.0,1549.0,725.0,-1.0,-1.0,0.0,0.0
1536.0,658.0,1520.0,725.0,1528.0,691.0,-1.0,-1.0,0.0,0.0
1534.0,745.0,1534.0,745.0,1534.0,745.0,1.96,1.96,0.0,0.0
1502.0,737.0,1502.0,737.0,1502.0,737.0,-1.0,-1.0,0.0,0.0
1519.0,779.0,1496.0,730.0,1507.0,754.0,-1.0,-1.0,0.0,0.0
-1.0,-1.0,-1.0,-1.0,-1.0,-1.0,-1.0,-1.0,-1.0,-1.0
-1.0,-1.0,-1.0,-1.0,-1.0,-1.0,-1.0,-1.0,-1.0,-1.0
1529.0,836.0,1521.0,709.0,1525.0,772.0,-1.0,-1.0,0.0,0.0
-1.0,-1.0,-1.0,-1.0,-1.0,-1.0,-1.0,-1.0,-1.0,-1.0
1545.0,697.0,1545.0,697.0,1545.0,697.0,-1.0,-1.0,0.0,0.0
1589.0,680.0,1589.0,680.0,1589.0,680.0,-1.0,-1.0,0.0,0.0
-1.0,-1.0,-1.0,-1.0,-1.0,-1.0,-1.0,-1.0,-1.0,-1.0
1553.0,735.0,1584.0,709.0,1568.0,722.0,-1.0,-1.0,0.0,0.0
1588.0,711.0,1588.0,711.0,1588.0,711.0,-1.0,-1.0,0.0,0.0
-1.0,-1.0,-1.0,-1.0,-1.0,-1.0,-1.0,-1.0,-1.0,-1.0
1509.0,250.0,1587.0,697.0,1548.0,473.0,-1.0,-1.0,0.0,0.0
1571.0,689.0,1571.0,689.0,1571.0,689.0,-1.0,-1.0,0.0,0.0
-1.0,-1.0,-1.0,-1.0,-1.0,-1.0,-1.0,-1.0,-1.0,-1.0
1574.0,690.0,1574.0,690.0,1574.0,690.0,-1.0,-1.0,0.0,0.0
1606.0,659.0,1578.0,689.0,1592.0,674.0,-1.0,-1.0,0.0,0.0
-1.0,-1.0,-1.0,-1.0,-1.0,-1.0,-1.0,-1.0,-1.0,-1.0
1614.0,705.0,1549.0,697.0,1581.0,701.0,-1.0,-1.0,0.0,0.0
1603.0,699.0,1554.0,721.0,1578.0,710.0,-1.0,-1.0,0.0,0.0
-1.0,-1.0,-1.0,-1.0,-1.0,-1.0,-1.0,-1.0,-1.0,-1.0
1633.0,682.0,1575.0,700.0,1604.0,691.0,-1.0,-1.0,0.0,0.0
1621.0,696.0,1574.0,696.0,1597.0,696.0,-1.0,-1.0,0.0,0.0
-1.0,-1.0,-1.0,-1.0,-1.0,-1.0,-1.0,-1.0,-1.0,-1.0
1609.0,708.0,1620.0,693.0,1614.0,700.0,-1.0,-1.0,0.0,0.0
1625.0,706.0,1635.0,677.0,1630.0,691.0,-1.0,-1.0,0.0,0.0
-1.0,-1.0,-1.0,-1.0,-1.0,-1.0,-1.0,-1.0,-1.0,-1.0
1621.0,688.0,1621.0,688.0,1621.0,688.0,-1.0,-1.0,0.0,0.0
1592.0,720.0,1598.0,689.0,1595.0,704.0,-1.0,-1.0,0.0,0.0
-1.0,-1.0,-1.0,-1.0,-1.0,-1.0,-1.0,-1.0,-1.0,-1.0
1580.0,731.0,1574.0,679.0,1577.0,705.0,-1.0,-1.0,0.0,0.0
1538.0,741.0,1538.0,685.0,1538.0,713.0,-1.0,-1.0,0.0,0.0
-1.0,-1.0,-1.0,-1.0,-1.0,-1.0,-1.0,-1.0,-1.0,-1.0
1482.0,708.0,1482.0,708.0,1482.0,708.0,-1.0,-1.0,0.0,0.0
1330.0,697.0,1330.0,697.0,1330.0,697.0,-1.0,-1.0,0.0,0.0
-1.0,-1.0,-1.0,-1.0,-1.0,-1.0,-1.0,-1.0,-1.0,-1.0
1083.0,700.0,1083.0,700.0,1083.0,700.0,-1.0,-1.0,0.0,0.0
-1.0,-1.0,-1.0,-1.0,-1.0,-1.0,-1.0,-1.0,-1.0,-1.0
-1.0,-1.0,-1.0,-1.0,-1.0,-1.0,-1.0,-1.0,-1.0,-1.0
1032.0,708.0,1032.0,708.0,1032.0,708.0,-1.0,-1.0,0.0,0.0
-1.0,-1.0,-1.0,-1.0,-1.0,-1.0,-1.0,-1.0,-1.0,-1.0
555.0,992.0,555.0,992.0,555.0,992.0,3.02,3.02,0.0,0.0
390.0,812.0,390.0,812.0,390.0,812.0,-1.0,-1.0,0.0,0.0
409.0,805.0,409.0,805.0,409.0,805.0,-1.0,-1.0,0.0,0.0
-1.0,-1.0,-1.0,-1.0,-1.0,-1.0,-1.0,-1.0,-1.0,-1.0
399.0,804.0,399.0,804.0,399.0,804.0,-1.0,-1.0,0.0,0.0
379.0,790.0,379.0,790.0,379.0,790.0,-1.0,-1.0,0.0,0.0
-1.0,-1.0,-1.0,-1.0,-1.0,-1.0,-1.0,-1.0,-1.0,-1.0
374.0,796.0,374.0,796.0,374.0,796.0,-1.0,-1.0,0.0,0.0
363.0,797.0,363.0,797.0,363.0,797.0,-1.0,-1.0,0.0,0.0
-1.0,-1.0,-1.0,-1.0,-1.0,-1.0,-1.0,-1.0,-1.0,-1.0
357.0,771.0,357.0,771.0,357.0,771.0,-1.0,-1.0,0.0,0.0
-1.0,-1.0,-1.0,-1.0,-1.0,-1.0,-1.0,-1.0,-1.0,-1.0
-1.0,-1.0,-1.0,-1.0,-1.0,-1.0,-1.0,-1.0,-1.0,-1.0
344.0,782.0,344.0,782.0,344.0,782.0,-1.0,-1.0,0.0,0.0
-1.0,-1.0,-1.0,-1.0,-1.0,-1.0,-1.0,-1.0,-1.0,-1.0
-1.0,-1.0,-1.0,-1.0,-1.0,-1.0,-1.0,-1.0,-1.0,-1.0
232.0,787.0,232.0,787.0,232.0,787.0,-1.0,-1.0,0.0,0.0
237.0,779.0,237.0,779.0,237.0,779.0,-1.0,-1.0,0.0,0.0
-1.0,-1.0,-1.0,-1.0,-1.0,-1.0,-1.0,-1.0,-1.0,-1.0
213.0,786.0,213.0,786.0,213.0,786.0,-1.0,-1.0,0.0,0.0
206.0,823.0,206.0,823.0,206.0,823.0,-1.0,-1.0,0.0,0.0
-1.0,-1.0,-1.0,-1.0,-1.0,-1.0,-1.0,-1.0,-1.0,-1.0
208.0,833.0,208.0,833.0,208.0,833.0,-1.0,-1.0,0.0,0.0
182.0,779.0,182.0,779.0,182.0,779.0,-1.0,-1.0,0.0,0.0
-1.0,-1.0,-1.0,-1.0,-1.0,-1.0,-1.0,-1.0,-1.0,-1.0
179.0,783.0,179.0,783.0,179.0,783.0,-1.0,-1.0,0.0,0.0
183.0,805.0,183.0,805.0,183.0,805.0,-1.0,-1.0,0.0,0.0
-1.0,-1.0,-1.0,-1.0,-1.0,-1.0,-1.0,-1.0,-1.0,-1.0
186.0,810.0,186.0,810.0,186.0,810.0,-1.0,-1.0,0.0,0.0
180.0,789.0,180.0,789.0,180.0,789.0,-1.0,-1.0,0.0,0.0
-1.0,-1.0,-1.0,-1.0,-1.0,-1.0,-1.0,-1.0,-1.0,-1.0
179.0,782.0,214.0,319.0,196.0,550.0,-1.0,-1.0,0.0,0.0
200.0,814.0,200.0,814.0,200.0,814.0,-1.0,-1.0,0.0,0.0
-1.0,-1.0,-1.0,-1.0,-1.0,-1.0,-1.0,-1.0,-1.0,-1.0
210.0,827.0,210.0,827.0,210.0,827.0,-1.0,-1.0,0.0,0.0
196.0,801.0,196.0,801.0,196.0,801.0,-1.0,-1.0,0.0,0.0
-1.0,-1.0,-1.0,-1.0,-1.0,-1.0,-1.0,-1.0,-1.0,-1.0
178.0,789.0,178.0,789.0,178.0,789.0,-1.0,-1.0,0.0,0.0
180.0,780.0,180.0,780.0,180.0,780.0,-1.0,-1.0,0.0,0.0
-1.0,-1.0,-1.0,-1.0,-1.0,-1.0,-1.0,-1.0,-1.0,-1.0
195.0,786.0,195.0,786.0,195.0,786.0,-1.0,-1.0,0.0,0.0
204.0,819.0,204.0,819.0,204.0,819.0,-1.0,-1.0,0.0,0.0
-1.0,-1.0,-1.0,-1.0,-1.0,-1.0,-1.0,-1.0,-1.0,-1.0
195.0,829.0,195.0,829.0,195.0,829.0,-1.0,-1.0,0.0,0.0
197.0,828.0,197.0,828.0,197.0,828.0,-1.0,-1.0,0.0,0.0
-1.0,-1.0,-1.0,-1.0,-1.0,-1.0,-1.0,-1.0,-1.0,-1.0
198.0,815.0,198.0,815.0,198.0,815.0,-1.0,-1.0,0.0,0.0
-1.0,-1.0,-1.0,-1.0,-1.0,-1.0,-1.0,-1.0,-1.0,-1.0
-1.0,-1.0,-1.0,-1.0,-1.0,-1.0,-1.0,-1.0,-1.0,-1.0
188.0,829.0,188.0,829.0,188.0,829.0,-1.0,-1.0,0.0,0.0
165.0,812.0,165.0,812.0,165.0,812.0,-1.0,-1.0,0.0,0.0
-1.0,-1.0,-1.0,-1.0,-1.0,-1.0,-1.0,-1.0,-1.0,-1.0
197.0,824.0,250.0,863.0,223.0,843.0,-1.0,-1.0,0.0,0.0
214.0,838.0,214.0,838.0,214.0,838.0,-1.0,-1.0,0.0,0.0
250.0,880.0,250.0,880.0,250.0,880.0,1.61,1.61,0.0,0.0
215.0,835.0,271.0,880.0,243.0,857.0,-1.0,-1.0,0.0,0.0
-1.0,-1.0,-1.0,-1.0,-1.0,-1.0,-1.0,-1.0,-1.0,-1.0
264.0,882.0,264.0,882.0,264.0,882.0,1.82,1.82,0.0,0.0
171.0,837.0,228.0,868.0,199.0,852.0,-1.0,-1.0,0.0,0.0
168.0,836.0,168.0,836.0,168.0,836.0,-1.0,-1.0,0.0,0.0
-1.0,-1.0,-1.0,-1.0,-1.0,-1.0,-1.0,-1.0,-1.0,-1.0
149.0,816.0,211.0,867.0,180.0,841.0,-1.0,-1.0,0.0,0.0
211.0,867.0,211.0,867.0,211.0,867.0,-1.0,-1.0,0.0,0.0
-1.0,-1.0,-1.0,-1.0,-1.0,-1.0,-1.0,-1.0,-1.0,-1.0
155.0,818.0,185.0,844.0,170.0,831.0,-1.0,-1.0,0.0,0.0
140.0,815.0,140.0,815.0,140.0,815.0,-1.0,-1.0,0.0,0.0
-1.0,-1.0,-1.0,-1.0,-1.0,-1.0,-1.0,-1.0,-1.0,-1.0
125.0,817.0,216.0,858.0,170.0,837.0,-1.0,-1.0,0.0,0.0
106.0,782.0,216.0,858.0,161.0,820.0,-1.0,-1.0,0.0,0.0
-1.0,-1.0,-1.0,-1.0,-1.0,-1.0,-1.0,-1.0,-1.0,-1.0
100.0,778.0,200.0,857.0,150.0,817.0,-1.0,-1.0,0.0,0.0
130.0,824.0,191.0,833.0,160.0,828.0,-1.0,-1.0,0.0,0.0
-1.0,-1.0,-1.0,-1.0,-1.0,-1.0,-1.0,-1.0,-1.0,-1.0
123.0,822.0,155.0,828.0,139.0,825.0,-1.0,-1.0,0.0,0.0
114.0,793.0,114.0,793.0,114.0,793.0,-1.0,-1.0,0.0,0.0
-1.0,-1.0,-1.0,-1.0,-1.0,-1.0,-1.0,-1.0,-1.0,-1.0
111.0,771.0,164.0,817.0,137.0,794.0,-1.0,-1.0,0.0,0.0
80.0,744.0,80.0,744.0,80.0,744.0,-1.0,-1.0,0.0,0.0
-1.0,-1.0,-1.0,-1.0,-1.0,-1.0,-1.0,-1.0,-1.0,-1.0
91.0,777.0,142.0,838.0,116.0,807.0,-1.0,-1.0,0.0,0.0
136.0,829.0,108.0,778.0,122.0,803.0,-1.0,-1.0,0.0,0.0
-1.0,-1.0,-1.0,-1.0,-1.0,-1.0,-1.0,-1.0,-1.0,-1.0
149.0,813.0,149.0,840.0,149.0,826.0,-1.0,-1.0,0.0,0.0
140.0,803.0,156.0,843.0,148.0,823.0,-1.0,-1.0,0.0,0.0
-1.0,-1.0,-1.0,-1.0,-1.0,-1.0,-1.0,-1.0,-1.0,-1.0
137.0,827.0,156.0,830.0,146.0,828.0,-1.0,-1.0,0.0,0.0
145.0,811.0,145.0,811.0,145.0,811.0,-1.0,-1.0,0.0,0.0
-1.0,-1.0,-1.0,-1.0,-1.0,-1.0,-1.0,-1.0,-1.0,-1.0
155.0,824.0,139.0,810.0,147.0,817.0,-1.0,-1.0,0.0,0.0
148.0,817.0,152.0,830.0,150.0,823.0,-1.0,-1.0,0.0,0.0
-1.0,-1.0,-1.0,-1.0,-1.0,-1.0,-1.0,-1.0,-1.0,-1.0
156.0,820.0,146.0,829.0,151.0,824.0,-1.0,-1.0,0.0,0.0
158.0,816.0,137.0,821.0,147.0,818.0,-1.0,-1.0,0.0,0.0
-1.0,-1.0,-1.0,-1.0,-1.0,-1.0,-1.0,-1.0,-1.0,-1.0
145.0,828.0,150.0,826.0,147.0,827.0,-1.0,-1.0,0.0,0.0
123.0,801.0,152.0,829.0,137.0,815.0,-1.0,-1.0,0.0,0.0
191.0,829.0,191.0,829.0,191.0,829.0,1.71,1.71,0.0,0.0
198.0,821.0,111.0,836.0,154.0,828.0,-1.0,-1.0,0.0,0.0
106.0,833.0,106.0,833.0,106.0,833.0,-1.0,-1.0,0.0,0.0
165.0,826.0,165.0,826.0,165.0,826.0,1.31,1.31,0.0,0.0
162.0,831.0,139.0,841.0,150.0,836.0,-1.0,-1.0,0.0,0.0
162.0,831.0,125.0,830.0,143.0,830.0,-1.0,-1.0,0.0,0.0
-1.0,-1.0,-1.0,-1.0,-1.0,-1.0,-1.0,-1.0,-1.0,-1.0
175.0,825.0,119.0,812.0,147.0,818.0,-1.0,-1.0,0.0,0.0
178.0,833.0,178.0,833.0,178.0,833.0,-1.0,-1.0,0.0,0.0
-1.0,-1.0,-1.0,-1.0,-1.0,-1.0,-1.0,-1.0,-1.0,-1.0
178.0,843.0,143.0,819.0,160.0,831.0,-1.0,-1.0,0.0,0.0
-1.0,-1.0,-1.0,-1.0,-1.0,-1.0,-1.0,-1.0,-1.0,-1.0
-1.0,-1.0,-1.0,-1.0,-1.0,-1.0,-1.0,-1.0,-1.0,-1.0
187.0,840.0,153.0,846.0,170.0,843.0,-1.0,-1.0,0.0,0.0
188.0,828.0,188.0,828.0,188.0,828.0,-1.0,-1.0,0.0,0.0
-1.0,-1.0,-1.0,-1.0,-1.0,-1.0,-1.0,-1.0,-1.0,-1.0
266.0,811.0,274.0,830.0,270.0,820.0,-1.0,-1.0,0.0,0.0
-1.0,-1.0,-1.0,-1.0,-1.0,-1.0,-1.0,-1.0,-1.0,-1.0
-1.0,-1.0,-1.0,-1.0,-1.0,-1.0,-1.0,-1.0,-1.0,-1.0
266.0,844.0,266.0,844.0,266.0,844.0,-1.0,-1.0,0.0,0.0
-1.0,-1.0,-1.0,-1.0,-1.0,-1.0,-1.0,-1.0,-1.0,-1.0
-1.0,-1.0,-1.0,-1.0,-1.0,-1.0,-1.0,-1.0,-1.0,-1.0
277.0,803.0,268.0,832.0,272.0,817.0,-1.0,-1.0,0.0,0.0
268.0,832.0,268.0,832.0,268.0,832.0,-1.0,-1.0,0.0,0.0
-1.0,-1.0,-1.0,-1.0,-1.0,-1.0,-1.0,-1.0,-1.0,-1.0
282.0,812.0,278.0,821.0,280.0,816.0,-1.0,-1.0,0.0,0.0
274.0,812.0,274.0,812.0,274.0,812.0,-1.0,-1.0,0.0,0.0
-1.0,-1.0,-1.0,-1.0,-1.0,-1.0,-1.0,-1.0,-1.0,-1.0
279.0,814.0,236.0,818.0,257.0,816.0,-1.0,-1.0,0.0,0.0
296.0,811.0,296.0,811.0,296.0,811.0,-1.0,-1.0,0.0,0.0
-1.0,-1.0,-1.0,-1.0,-1.0,-1.0,-1.0,-1.0,-1.0,-1.0
291.0,818.0,243.0,831.0,267.0,824.0,-1.0,-1.0,0.0,0.0
277.0,807.0,277.0,807.0,277.0,807.0,-1.0,-1.0,0.0,0.0
-1.0,-1.0,-1.0,-1.0,-1.0,-1.0,-1.0,-1.0,-1.0,-1.0
264.0,799.0,258.0,830.0,261.0,814.0,-1.0,-1.0,0.0,0.0
282.0,800.0,258.0,830.0,270.0,815.0,-1.0,-1.0,0.0,0.0
243.0,845.0,243.0,845.0,243.0,845.0,1.93,1.93,0.0,0.0
283.0,809.0,239.0,846.0,261.0,827.0,-1.0,-1.0,0.0,0.0
252.0,783.0,252.0,783.0,252.0,783.0,-1.0,-1.0,0.0,0.0
-1.0,-1.0,-1.0,-1.0,-1.0,-1.0,-1.0,-1.0,-1.0,-1.0
235.0,767.0,241.0,845.0,238.0,806.0,-1.0,-1.0,0.0,0.0
-1.0,-1.0,-1.0,-1.0,-1.0,-1.0,-1.0,-1.0,-1.0,-1.0
-1.0,-1.0,-1.0,-1.0,-1.0,-1.0,-1.0,-1.0,-1.0,-1.0
236.0,809.0,238.0,834.0,237.0,821.0,-1.0,-1.0,0.0,0.0
236.0,826.0,236.0,826.0,236.0,826.0,-1.0,-1.0,0.0,0.0
-1.0,-1.0,-1.0,-1.0,-1.0,-1.0,-1.0,-1.0,-1.0,-1.0
251.0,826.0,278.0,857.0,264.0,841.0,-1.0,-1.0,0.0,0.0
257.0,837.0,257.0,837.0,257.0,837.0,-1.0,-1.0,0.0,0.0
204.0,846.0,204.0,846.0,204.0,846.0,1.55,1.55,0.0,0.0
277.0,829.0,220.0,851.0,248.0,840.0,-1.0,-1.0,0.0,0.0
-1.0,-1.0,-1.0,-1.0,-1.0,-1.0,-1.0,-1.0,-1.0,-1.0
-1.0,-1.0,-1.0,-1.0,-1.0,-1.0,-1.0,-1.0,-1.0,-1.0
266.0,828.0,227.0,847.0,246.0,837.0,-1.0,-1.0,0.0,0.0
-1.0,-1.0,-1.0,-1.0,-1.0,-1.0,-1.0,-1.0,-1.0,-1.0
-1.0,-1.0,-1.0,-1.0,-1.0,-1.0,-1.0,-1.0,-1.0,-1.0
243.0,813.0,274.0,852.0,258.0,832.0,-1.0,-1.0,0.0,0.0
-1.0,-1.0,-1.0,-1.0,-1.0,-1.0,-1.0,-1.0,-1.0,-1.0
214.0,839.0,214.0,839.0,214.0,839.0,1.23,1.23,0.0,0.0
221.0,819.0,228.0,849.0,224.0,834.0,-1.0,-1.0,0.0,0.0
211.0,799.0,211.0,799.0,211.0,799.0,-1.0,-1.0,0.0,0.0
248.0,872.0,248.0,872.0,248.0,872.0,1.76,1.76,0.0,0.0
208.0,800.0,249.0,864.0,228.0,832.0,-1.0,-1.0,0.0,0.0
214.0,821.0,214.0,821.0,214.0,821.0,-1.0,-1.0,0.0,0.0
260.0,863.0,260.0,863.0,260.0,863.0,1.68,1.68,0.0,0.0
209.0,824.0,246.0,862.0,227.0,843.0,-1.0,-1.0,0.0,0.0
210.0,825.0,212.0,821.0,211.0,823.0,-1.0,-1.0,0.0,0.0
284.0,860.0,284.0,860.0,284.0,860.0,2.03,2.03,0.0,0.0
213.0,826.0,283.0,864.0,248.0,845.0,-1.0,-1.0,0.0,0.0
214.0,819.0,271.0,859.0,242.0,839.0,-1.0,-1.0,0.0,0.0
-1.0,-1.0,-1.0,-1.0,-1.0,-1.0,-1.0,-1.0,-1.0,-1.0
218.0,816.0,269.0,859.0,243.0,837.0,-1.0,-1.0,0.0,0.0
223.0,818.0,223.0,818.0,223.0,818.0,-1.0,-1.0,0.0,0.0
-1.0,-1.0,-1.0,-1.0,-1.0,-1.0,-1.0,-1.0,-1.0,-1.0
184.0,814.0,235.0,849.0,209.0,831.0,-1.0,-1.0,0.0,0.0
220.0,850.0,220.0,850.0,220.0,850.0,-1.0,-1.0,0.0,0.0
-1.0,-1.0,-1.0,-1.0,-1.0,-1.0,-1.0,-1.0,-1.0,-1.0
208.0,791.0,208.0,791.0,208.0,791.0,-1.0,-1.0,0.0,0.0
184.0,814.0,191.0,795.0,187.0,804.0,-1.0,-1.0,0.0,0.0
-1.0,-1.0,-1.0,-1.0,-1.0,-1.0,-1.0,-1.0,-1.0,-1.0
160.0,801.0,195.0,789.0,177.0,795.0,-1.0,-1.0,0.0,0.0
159.0,797.0,218.0,810.0,188.0,803.0,-1.0,-1.0,0.0,0.0
-1.0,-1.0,-1.0,-1.0,-1.0,-1.0,-1.0,-1.0,-1.0,-1.0
190.0,814.0,213.0,822.0,201.0,818.0,-1.0,-1.0,0.0,0.0
202.0,815.0,212.0,831.0,207.0,823.0,-1.0,-1.0,0.0,0.0
190.0,843.0,190.0,843.0,190.0,843.0,1.86,1.86,0.0,0.0
211.0,805.0,185.0,841.0,198.0,823.0,-1.0,-1.0,0.0,0.0
207.0,809.0,201.0,828.0,204.0,818.0,-1.0,-1.0,0.0,0.0
-1.0,-1.0,-1.0,-1.0,-1.0,-1.0,-1.0,-1.0,-1.0,-1.0
195.0,806.0,196.0,815.0,195.0,810.0,-1.0,-1.0,0.0,0.0
197.0,810.0,187.0,840.0,192.0,825.0,-1.0,-1.0,0.0,0.0
-1.0,-1.0,-1.0,-1.0,-1.0,-1.0,-1.0,-1.0,-1.0,-1.0
173.0,811.0,214.0,829.0,193.0,820.0,-1.0,-1.0,0.0,0.0
208.0,829.0,208.0,829.0,208.0,829.0,-1.0,-1.0,0.0,0.0
-1.0,-1.0,-1.0,-1.0,-1.0,-1.0,-1.0,-1.0,-1.0,-1.0
196.0,804.0,191.0,832.0,193.0,818.0,-1.0,-1.0,0.0,0.0
198.0,800.0,194.0,834.0,196.0,817.0,-1.0,-1.0,0.0,0.0
209.0,848.0,209.0,848.0,209.0,848.0,1.92,1.92,0.0,0.0
202.0,811.0,221.0,845.0,211.0,828.0,-1.0,-1.0,0.0,0.0
220.0,848.0,220.0,848.0,220.0,848.0,-1.0,-1.0,0.0,0.0
-1.0,-1.0,-1.0,-1.0,-1.0,-1.0,-1.0,-1.0,-1.0,-1.0
191.0,824.0,202.0,849.0,196.0,836.0,-1.0,-1.0,0.0,0.0
190.0,823.0,190.0,823.0,190.0,823.0,-1.0,-1.0,0.0,0.0
-1.0,-1.0,-1.0,-1.0,-1.0,-1.0,-1.0,-1.0,-1.0,-1.0
210.0,835.0,205.0,834.0,207.0,834.0,-1.0,-1.0,0.0,0.0
-1.0,-1.0,-1.0,-1.0,-1.0,-1.0,-1.0,-1.0,-1.0,-1.0
-1.0,-1.0,-1.0,-1.0,-1.0,-1.0,-1.0,-1.0,-1.0,-1.0
294.0,808.0,294.0,808.0,294.0,808.0,-1.0,-1.0,0.0,0.0
348.0,798.0,348.0,798.0,348.0,798.0,-1.0,-1.0,0.0,0.0
-1.0,-1.0,-1.0,-1.0,-1.0,-1.0,-1.0,-1.0,-1.0,-1.0
375.0,807.0,375.0,807.0,375.0,807.0,-1.0,-1.0,0.0,0.0
353.0,790.0,353.0,790.0,353.0,790.0,-1.0,-1.0,0.0,0.0
472.0,968.0,472.0,968.0,472.0,968.0,2.49,2.49,0.0,0.0
329.0,786.0,329.0,786.0,329.0,786.0,-1.0,-1.0,0.0,0.0
-1.0,-1.0,-1.0,-1.0,-1.0,-1.0,-1.0,-1.0,-1.0,-1.0
-1.0,-1.0,-1.0,-1.0,-1.0,-1.0,-1.0,-1.0,-1.0,-1.0
341.0,796.0,341.0,796.0,341.0,796.0,-1.0,-1.0,0.0,0.0
353.0,828.0,353.0,828.0,353.0,828.0,-1.0,-1.0,0.0,0.0
370.0,878.0,370.0,878.0,370.0,878.0,2.28,2.28,0.0,0.0
364.0,816.0,364.0,816.0,364.0,816.0,-1.0,-1.0,0.0,0.0
369.0,788.0,369.0,788.0,369.0,788.0,-1.0,-1.0,0.0,0.0
-1.0,-1.0,-1.0,-1.0,-1.0,-1.0,-1.0,-1.0,-1.0,-1.0
356.0,778.0,356.0,778.0,356.0,778.0,-1.0,-1.0,0.0,0.0
351.0,793.0,351.0,793.0,351.0,793.0,-1.0,-1.0,0.0,0.0
-1.0,-1.0,-1.0,-1.0,-1.0,-1.0,-1.0,-1.0,-1.0,-1.0
359.0,795.0,359.0,795.0,359.0,795.0,-1.0,-1.0,0.0,0.0
324.0,738.0,324.0,738.0,324.0,738.0,-1.0,-1.0,0.0,0.0
-1.0,-1.0,-1.0,-1.0,-1.0,-1.0,-1.0,-1.0,-1.0,-1.0
330.0,748.0,330.0,748.0,330.0,748.0,-1.0,-1.0,0.0,0.0
-1.0,-1.0,-1.0,-1.0,-1.0,-1.0,-1.0,-1.0,-1.0,-1.0
-1.0,-1.0,-1.0,-1.0,-1.0,-1.0,-1.0,-1.0,-1.0,-1.0
328.0,757.0,328.0,757.0,328.0,757.0,-1.0,-1.0,0.0,0.0
-1.0,-1.0,-1.0,-1.0,-1.0,-1.0,-1.0,-1.0,-1.0,-1.0
-1.0,-1.0,-1.0,-1.0,-1.0,-1.0,-1.0,-1.0,-1.0,-1.0
286.0,841.0,270.0,831.0,278.0,836.0,-1.0,-1.0,0.0,0.0
277.0,824.0,277.0,824.0,277.0,824.0,-1.0,-1.0,0.0,0.0
-1.0,-1.0,-1.0,-1.0,-1.0,-1.0,-1.0,-1.0,-1.0,-1.0
234.0,791.0,263.0,806.0,248.0,798.0,-1.0,-1.0,0.0,0.0
231.0,798.0,231.0,798.0,231.0,798.0,-1.0,-1.0,0.0,0.0
-1.0,-1.0,-1.0,-1.0,-1.0,-1.0,-1.0,-1.0,-1.0,-1.0
232.0,786.0,265.0,800.0,248.0,793.0,-1.0,-1.0,0.0,0.0
-1.0,-1.0,-1.0,-1.0,-1.0,-1.0,-1.0,-1.0,-1.0,-1.0
202.0,899.0,202.0,899.0,202.0,899.0,1.81,1.81,0.0,0.0
238.0,791.0,202.0,899.0,220.0,845.0,-1.0,-1.0,0.0,0.0
-1.0,-1.0,-1.0,-1.0,-1.0,-1.0,-1.0,-1.0,-1.0,-1.0
-1.0,-1.0,-1.0,-1.0,-1.0,-1.0,-1.0,-1.0,-1.0,-1.0
239.0,808.0,202.0,899.0,220.0,853.0,-1.0,-1.0,0.0,0.0
-1.0,-1.0,-1.0,-1.0,-1.0,-1.0,-1.0,-1.0,-1.0,-1.0
226.0,777.0,226.0,777.0,226.0,777.0,1.6,1.6,0.0,0.0
246.0,816.0,197.0,771.0,221.0,793.0,-1.0,-1.0,0.0,0.0
-1.0,-1.0,-1.0,-1.0,-1.0,-1.0,-1.0,-1.0,-1.0,-1.0
-1.0,-1.0,-1.0,-1.0,-1.0,-1.0,-1.0,-1.0,-1.0,-1.0
226.0,800.0,207.0,770.0,216.0,785.0,-1.0,-1.0,0.0,0.0
226.0,800.0,226.0,800.0,226.0,800.0,-1.0,-1.0,0.0,0.0
259.0,830.0,259.0,830.0,259.0,830.0,2.17,2.17,0.0,0.0
230.0,734.0,259.0,839.0,244.0,786.0,-1.0,-1.0,0.0,0.0
-1.0,-1.0,-1.0,-1.0,-1.0,-1.0,-1.0,-1.0,-1.0,-1.0
-1.0,-1.0,-1.0,-1.0,-1.0,-1.0,-1.0,-1.0,-1.0,-1.0
259.0,815.0,251.0,832.0,255.0,823.0,-1.0,-1.0,0.0,0.0
252.0,796.0,252.0,796.0,252.0,796.0,-1.0,-1.0,0.0,0.0
-1.0,-1.0,-1.0,-1.0,-1.0,-1.0,-1.0,-1.0,-1.0,-1.0
254.0,796.0,253.0,814.0,253.0,805.0,-1.0,-1.0,0.0,0.0
262.0,798.0,262.0,798.0,262.0,798.0,-1.0,-1.0,0.0,0.0
-1.0,-1.0,-1.0,-1.0,-1.0,-1.0,-1.0,-1.0,-1.0,-1.0
359.0,769.0,405.0,809.0,382.0,789.0,-1.0,-1.0,0.0,0.0
-1.0,-1.0,-1.0,-1.0,-1.0,-1.0,-1.0,-1.0,-1.0,-1.0
-1.0,-1.0,-1.0,-1.0,-1.0,-1.0,-1.0,-1.0,-1.0,-1.0
371.0,772.0,451.0,837.0,411.0,804.0,-1.0,-1.0,0.0,0.0
-1.0,-1.0,-1.0,-1.0,-1.0,-1.0,-1.0,-1.0,-1.0,-1.0
-1.0,-1.0,-1.0,-1.0,-1.0,-1.0,-1.0,-1.0,-1.0,-1.0
437.0,807.0,476.0,845.0,456.0,826.0,-1.0,-1.0,0.0,0.0
-1.0,-1.0,-1.0,-1.0,-1.0,-1.0,-1.0,-1.0,-1.0,-1.0
-1.0,-1.0,-1.0,-1.0,-1.0,-1.0,-1.0,-1.0,-1.0,-1.0
420.0,804.0,474.0,840.0,447.0,822.0,-1.0,-1.0,0.0,0.0
-1.0,-1.0,-1.0,-1.0,-1.0,-1.0,-1.0,-1.0,-1.0,-1.0
-1.0,-1.0,-1.0,-1.0,-1.0,-1.0,-1.0,-1.0,-1.0,-1.0
444.0,796.0,474.0,853.0,459.0,824.0,-1.0,-1.0,0.0,0.0
-1.0,-1.0,-1.0,-1.0,-1.0,-1.0,-1.0,-1.0,-1.0,-1.0
466.0,747.0,466.0,747.0,466.0,747.0,1.74,1.74,0.0,0.0
459.0,756.0,481.0,857.0,470.0,806.0,-1.0,-1.0,0.0,0.0
-1.0,-1.0,-1.0,-1.0,-1.0,-1.0,-1.0,-1.0,-1.0,-1.0
-1.0,-1.0,-1.0,-1.0,-1.0,-1.0,-1.0,-1.0,-1.0,-1.0
477.0,765.0,461.0,820.0,469.0,792.0,-1.0,-1.0,0.0,0.0
-1.0,-1.0,-1.0,-1.0,-1.0,-1.0,-1.0,-1.0,-1.0,-1.0
-1.0,-1.0,-1.0,-1.0,-1.0,-1.0,-1.0,-1.0,-1.0,-1.0
468.0,825.0,457.0,842.0,462.0,833.0,-1.0,-1.0,0.0,0.0
-1.0,-1.0,-1.0,-1.0,-1.0,-1.0,-1.0,-1.0,-1.0,-1.0
-1.0,-1.0,-1.0,-1.0,-1.0,-1.0,-1.0,-1.0,-1.0,-1.0
410.0,792.0,493.0,830.0,451.0,811.0,-1.0,-1.0,0.0,0.0
-1.0,-1.0,-1.0,-1.0,-1.0,-1.0,-1.0,-1.0,-1.0,-1.0
-1.0,-1.0,-1.0,-1.0,-1.0,-1.0,-1.0,-1.0,-1.0,-1.0
414.0,823.0,451.0,833.0,432.0,828.0,-1.0,-1.0,0.0,0.0
-1.0,-1.0,-1.0,-1.0,-1.0,-1.0,-1.0,-1.0,-1.0,-1.0
-1.0,-1.0,-1.0,-1.0,-1.0,-1.0,-1.0,-1.0,-1.0,-1.0
461.0,833.0,474.0,842.0,467.0,837.0,-1.0,-1.0,0.0,0.0
-1.0,-1.0,-1.0,-1.0,-1.0,-1.0,-1.0,-1.0,-1.0,-1.0
-1.0,-1.0,-1.0,-1.0,-1.0,-1.0,-1.0,-1.0,-1.0,-1.0
497.0,758.0,568.0,863.0,532.0,810.0,-1.0,-1.0,0.0,0.0
-1.0,-1.0,-1.0,-1.0,-1.0,-1.0,-1.0,-1.0,-1.0,-1.0
-1.0,-1.0,-1.0,-1.0,-1.0,-1.0,-1.0,-1.0,-1.0,-1.0
591.0,825.0,513.0,769.0,552.0,797.0,-1.0,-1.0,0.0,0.0
-1.0,-1.0,-1.0,-1.0,-1.0,-1.0,-1.0,-1.0,-1.0,-1.0
-1.0,-1.0,-1.0,-1.0,-1.0,-1.0,-1.0,-1.0,-1.0,-1.0
620.0,841.0,575.0,867.0,597.0,854.0,-1.0,-1.0,0.0,0.0
590.0,797.0,590.0,797.0,590.0,797.0,-1.0,-1.0,0.0,0.0
-1.0,-1.0,-1.0,-1.0,-1.0,-1.0,-1.0,-1.0,-1.0,-1.0
571.0,798.0,550.0,836.0,560.0,817.0,-1.0,-1.0,0.0,0.0
-1.0,-1.0,-1.0,-1.0,-1.0,-1.0,-1.0,-1.0,-1.0,-1.0
-1.0,-1.0,-1.0,-1.0,-1.0,-1.0,-1.0,-1.0,-1.0,-1.0
575.0,792.0,545.0,814.0,560.0,803.0,-1.0,-1.0,0.0,0.0
-1.0,-1.0,-1.0,-1.0,-1.0,-1.0,-1.0,-1.0,-1.0,-1.0
-1.0,-1.0,-1.0,-1.0,-1.0,-1.0,-1.0,-1.0,-1.0,-1.0
627.0,848.0,583.0,867.0,605.0,857.0,-1.0,-1.0,0.0,0.0
-1.0,-1.0,-1.0,-1.0,-1.0,-1.0,-1.0,-1.0,-1.0,-1.0
-1.0,-1.0,-1.0,-1.0,-1.0,-1.0,-1.0,-1.0,-1.0,-1.0
611.0,844.0,547.0,839.0,579.0,841.0,-1.0,-1.0,0.0,0.0
-1.0,-1.0,-1.0,-1.0,-1.0,-1.0,-1.0,-1.0,-1.0,-1.0
-1.0,-1.0,-1.0,-1.0,-1.0,-1.0,-1.0,-1.0,-1.0,-1.0
596.0,840.0,574.0,820.0,585.0,830.0,-1.0,-1.0,0.0,0.0
-1.0,-1.0,-1.0,-1.0,-1.0,-1.0,-1.0,-1.0,-1.0,-1.0
-1.0,-1.0,-1.0,-1.0,-1.0,-1.0,-1.0,-1.0,-1.0,-1.0
612.0,838.0,594.0,822.0,603.0,830.0,-1.0,-1.0,0.0,0.0
-1.0,-1.0,-1.0,-1.0,-1.0,-1.0,-1.0,-1.0,-1.0,-1.0
-1.0,-1.0,-1.0,-1.0,-1.0,-1.0,-1.0,-1.0,-1.0,-1.0
604.0,844.0,579.0,819.0,591.0,831.0,-1.0,-1.0,0.0,0.0
-1.0,-1.0,-1.0,-1.0,-1.0,-1.0,-1.0,-1.0,-1.0,-1.0
-1.0,-1.0,-1.0,-1.0,-1.0,-1.0,-1.0,-1.0,-1.0,-1.0
565.0,820.0,567.0,836.0,566.0,828.0,-1.0,-1.0,0.0,0.0
-1.0,-1.0,-1.0,-1.0,-1.0,-1.0,-1.0,-1.0,-1.0,-1.0
-1.0,-1.0,-1.0,-1.0,-1.0,-1.0,-1.0,-1.0,-1.0,-1.0
573.0,839.0,602.0,864.0,587.0,851.0,-1.0,-1.0,0.0,0.0
-1.0,-1.0,-1.0,-1.0,-1.0,-1.0,-1.0,-1.0,-1.0,-1.0
-1.0,-1.0,-1.0,-1.0,-1.0,-1.0,-1.0,-1.0,-1.0,-1.0
571.0,849.0,576.0,866.0,573.0,857.0,-1.0,-1.0,0.0,0.0
-1.0,-1.0,-1.0,-1.0,-1.0,-1.0,-1.0,-1.0,-1.0,-1.0
-1.0,-1.0,-1.0,-1.0,-1.0,-1.0,-1.0,-1.0,-1.0,-1.0
547.0,811.0,556.0,834.0,551.0,822.0,-1.0,-1.0,0.0,0.0
598.0,780.0,598.0,780.0,598.0,780.0,-1.0,-1.0,0.0,0.0
-1.0,-1.0,-1.0,-1.0,-1.0,-1.0,-1.0,-1.0,-1.0,-1.0
647.0,797.0,641.0,870.0,644.0,833.0,-1.0,-1.0,0.0,0.0
-1.0,-1.0,-1.0,-1.0,-1.0,-1.0,-1.0,-1.0,-1.0,-1.0
-1.0,-1.0,-1.0,-1.0,-1.0,-1.0,-1.0,-1.0,-1.0,-1.0
-1.0,-1.0,-1.0,-1.0,-1.0,-1.0,-1.0,-1.0,-1.0,-1.0
644.0,845.0,644.0,845.0,644.0,845.0,-1.0,-1.0,0.0,0.0
-1.0,-1.0,-1.0,-1.0,-1.0,-1.0,-1.0,-1.0,-1.0,-1.0
577.0,818.0,577.0,818.0,577.0,818.0,-1.0,-1.0,0.0,0.0
-1.0,-1.0,-1.0,-1.0,-1.0,-1.0,-1.0,-1.0,-1.0,-1.0
-1.0,-1.0,-1.0,-1.0,-1.0,-1.0,-1.0,-1.0,-1.0,-1.0
748.0,849.0,748.0,849.0,748.0,849.0,-1.0,-1.0,0.0,0.0
-1.0,-1.0,-1.0,-1.0,-1.0,-1.0,-1.0,-1.0,-1.0,-1.0
-1.0,-1.0,-1.0,-1.0,-1.0,-1.0,-1.0,-1.0,-1.0,-1.0
794.0,842.0,794.0,842.0,794.0,842.0,-1.0,-1.0,0.0,0.0
-1.0,-1.0,-1.0,-1.0,-1.0,-1.0,-1.0,-1.0,-1.0,-1.0
-1.0,-1.0,-1.0,-1.0,-1.0,-1.0,-1.0,-1.0,-1.0,-1.0
-1.0,-1.0,-1.0,-1.0,-1.0,-1.0,-1.0,-1.0,-1.0,-1.0
-1.0,-1.0,-1.0,-1.0,-1.0,-1.0,-1.0,-1.0,-1.0,-1.0
-1.0,-1.0,-1.0,-1.0,-1.0,-1.0,-1.0,-1.0,-1.0,-1.0
620.0,760.0,647.0,804.0,633.0,782.0,-1.0,-1.0,0.0,0.0
-1.0,-1.0,-1.0,-1.0,-1.0,-1.0,-1.0,-1.0,-1.0,-1.0
-1.0,-1.0,-1.0,-1.0,-1.0,-1.0,-1.0,-1.0,-1.0,-1.0
778.0,856.0,778.0,856.0,778.0,856.0,-1.0,-1.0,0.0,0.0
-1.0,-1.0,-1.0,-1.0,-1.0,-1.0,-1.0,-1.0,-1.0,-1.0
-1.0,-1.0,-1.0,-1.0,-1.0,-1.0,-1.0,-1.0,-1.0,-1.0
647.0,822.0,647.0,822.0,647.0,822.0,-1.0,-1.0,0.0,0.0
757.0,749.0,757.0,749.0,757.0,749.0,-1.0,-1.0,0.0,0.0
-1.0,-1.0,-1.0,-1.0,-1.0,-1.0,-1.0,-1.0,-1.0,-1.0
693.0,806.0,784.0,759.0,738.0,782.0,-1.0,-1.0,0.0,0.0
-1.0,-1.0,-1.0,-1.0,-1.0,-1.0,-1.0,-1.0,-1.0,-1.0
-1.0,-1.0,-1.0,-1.0,-1.0,-1.0,-1.0,-1.0,-1.0,-1.0
-1.0,-1.0,-1.0,-1.0,-1.0,-1.0,-1.0,-1.0,-1.0,-1.0
-1.0,-1.0,-1.0,-1.0,-1.0,-1.0,-1.0,-1.0,-1.0,-1.0
-1.0,-1.0,-1.0,-1.0,-1.0,-1.0,-1.0,-1.0,-1.0,-1.0
759.0,832.0,597.0,740.0,678.0,786.0,-1.0,-1.0,0.0,0.0
-1.0,-1.0,-1.0,-1.0,-1.0,-1.0,-1.0,-1.0,-1.0,-1.0
-1.0,-1.0,-1.0,-1.0,-1.0,-1.0,-1.0,-1.0,-1.0,-1.0
675.0,804.0,657.0,822.0,666.0,813.0,-1.0,-1.0,0.0,0.0
-1.0,-1.0,-1.0,-1.0,-1.0,-1.0,-1.0,-1.0,-1.0,-1.0
-1.0,-1.0,-1.0,-1.0,-1.0,-1.0,-1.0,-1.0,-1.0,-1.0
728.0,827.0,640.0,804.0,684.0,815.0,-1.0,-1.0,0.0,0.0
745.0,780.0,745.0,780.0,745.0,780.0,-1.0,-1.0,0.0,0.0
-1.0,-1.0,-1.0,-1.0,-1.0,-1.0,-1.0,-1.0,-1.0,-1.0
750.0,843.0,782.0,793.0,766.0,818.0,-1.0,-1.0,0.0,0.0
-1.0,-1.0,-1.0,-1.0,-1.0,-1.0,-1.0,-1.0,-1.0,-1.0
-1.0,-1.0,-1.0,-1.0,-1.0,-1.0,-1.0,-1.0,-1.0,-1.0
803.0,849.0,803.0,849.0,803.0,849.0,-1.0,-1.0,0.0,0.0
714.0,837.0,714.0,837.0,714.0,837.0,-1.0,-1.0,0.0,0.0
-1.0,-1.0,-1.0,-1.0,-1.0,-1.0,-1.0,-1.0,-1.0,-1.0
682.0,824.0,682.0,824.0,682.0,824.0,-1.0,-1.0,0.0,0.0
1140.0,1052.0,1140.0,1052.0,1140.0,1052.0,-1.0,-1.0,0.0,0.0
-1.0,-1.0,-1.0,-1.0,-1.0,-1.0,-1.0,-1.0,-1.0,-1.0
1116.0,1060.0,723.0,825.0,919.0,942.0,-1.0,-1.0,0.0,0.0
-1.0,-1.0,-1.0,-1.0,-1.0,-1.0,-1.0,-1.0,-1.0,-1.0
-1.0,-1.0,-1.0,-1.0,-1.0,-1.0,-1.0,-1.0,-1.0,-1.0
632.0,769.0,632.0,769.0,632.0,769.0,-1.0,-1.0,0.0,0.0
-1.0,-1.0,-1.0,-1.0,-1.0,-1.0,-1.0,-1.0,-1.0,-1.0
-1.0,-1.0,-1.0,-1.0,-1.0,-1.0,-1.0,-1.0,-1.0,-1.0
740.0,787.0,740.0,787.0,740.0,787.0,-1.0,-1.0,0.0,0.0
-1.0,-1.0,-1.0,-1.0,-1.0,-1.0,-1.0,-1.0,-1.0,-1.0
-1.0,-1.0,-1.0,-1.0,-1.0,-1.0,-1.0,-1.0,-1.0,-1.0
685.0,706.0,685.0,706.0,685.0,706.0,-1.0,-1.0,0.0,0.0
-1.0,-1.0,-1.0,-1.0,-1.0,-1.0,-1.0,-1.0,-1.0,-1.0
-1.0,-1.0,-1.0,-1.0,-1.0,-1.0,-1.0,-1.0,-1.0,-1.0
704.0,738.0,704.0,738.0,704.0,738.0,-1.0,-1.0,0.0,0.0
-1.0,-1.0,-1.0,-1.0,-1.0,-1.0,-1.0,-1.0,-1.0,-1.0
-1.0,-1.0,-1.0,-1.0,-1.0,-1.0,-1.0,-1.0,-1.0,-1.0
-1.0,-1.0,-1.0,-1.0,-1.0,-1.0,-1.0,-1.0,-1.0,-1.0
-1.0,-1.0,-1.0,-1.0,-1.0,-1.0,-1.0,-1.0,-1.0,-1.0
-1.0,-1.0,-1.0,-1.0,-1.0,-1.0,-1.0,-1.0,-1.0,-1.0
757.0,827.0,757.0,827.0,757.0,827.0,-1.0,-1.0,0.0,0.0
844.0,812.0,844.0,812.0,844.0,812.0,-1.0,-1.0,0.0,0.0
-1.0,-1.0,-1.0,-1.0,-1.0,-1.0,-1.0,-1.0,-1.0,-1.0
860.0,828.0,860.0,828.0,860.0,828.0,-1.0,-1.0,0.0,0.0
908.0,788.0,908.0,788.0,908.0,788.0,-1.0,-1.0,0.0,0.0
-1.0,-1.0,-1.0,-1.0,-1.0,-1.0,-1.0,-1.0,-1.0,-1.0
766.0,782.0,766.0,782.0,766.0,782.0,-1.0,-1.0,0.0,0.0
882.0,813.0,882.0,813.0,882.0,813.0,-1.0,-1.0,0.0,0.0
-1.0,-1.0,-1.0,-1.0,-1.0,-1.0,-1.0,-1.0,-1.0,-1.0
748.0,732.0,748.0,732.0,748.0,732.0,-1.0,-1.0,0.0,0.0
868.0,793.0,868.0,793.0,868.0,793.0,-1.0,-1.0,0.0,0.0
-1.0,-1.0,-1.0,-1.0,-1.0,-1.0,-1.0,-1.0,-1.0,-1.0
818.0,847.0,818.0,847.0,818.0,847.0,-1.0,-1.0,0.0,0.0
-1.0,-1.0,-1.0,-1.0,-1.0,-1.0,-1.0,-1.0,-1.0,-1.0
-1.0,-1.0,-1.0,-1.0,-1.0,-1.0,-1.0,-1.0,-1.0,-1.0
805.0,842.0,805.0,842.0,805.0,842.0,-1.0,-1.0,0.0,0.0
-1.0,-1.0,-1.0,-1.0,-1.0,-1.0,-1.0,-1.0,-1.0,-1.0
-1.0,-1.0,-1.0,-1.0,-1.0,-1.0,-1.0,-1.0,-1.0,-1.0
847.0,856.0,847.0,856.0,847.0,856.0,-1.0,-1.0,0.0,0.0
860.0,790.0,860.0,790.0,860.0,790.0,-1.0,-1.0,0.0,0.0
-1.0,-1.0,-1.0,-1.0,-1.0,-1.0,-1.0,-1.0,-1.0,-1.0
752.0,805.0,752.0,805.0,752.0,805.0,-1.0,-1.0,0.0,0.0
-1.0,-1.0,-1.0,-1.0,-1.0,-1.0,-1.0,-1.0,-1.0,-1.0
-1.0,-1.0,-1.0,-1.0,-1.0,-1.0,-1.0,-1.0,-1.0,-1.0
908.0,790.0,908.0,790.0,908.0,790.0,-1.0,-1.0,0.0,0.0
922.0,821.0,933.0,847.0,927.0,834.0,-1.0,-1.0,0.0,0.0
-1.0,-1.0,-1.0,-1.0,-1.0,-1.0,-1.0,-1.0,-1.0,-1.0
922.0,821.0,922.0,821.0,922.0,821.0,-1.0,-1.0,0.0,0.0
955.0,809.0,945.0,824.0,950.0,816.0,-1.0,-1.0,0.0,0.0
-1.0,-1.0,-1.0,-1.0,-1.0,-1.0,-1.0,-1.0,-1.0,-1.0
-1.0,-1.0,-1.0,-1.0,-1.0,-1.0,-1.0,-1.0,-1.0,-1.0
942.0,862.0,931.0,856.0,936.0,859.0,-1.0,-1.0,0.0,0.0
-1.0,-1.0,-1.0,-1.0,-1.0,-1.0,-1.0,-1.0,-1.0,-1.0
-1.0,-1.0,-1.0,-1.0,-1.0,-1.0,-1.0,-1.0,-1.0,-1.0
1012.0,815.0,906.0,869.0,959.0,842.0,-1.0,-1.0,0.0,0.0
-1.0,-1.0,-1.0,-1.0,-1.0,-1.0,-1.0,-1.0,-1.0,-1.0
-1.0,-1.0,-1.0,-1.0,-1.0,-1.0,-1.0,-1.0,-1.0,-1.0
984.0,850.0,909.0,862.0,946.0,856.0,-1.0,-1.0,0.0,0.0
-1.0,-1.0,-1.0,-1.0,-1.0,-1.0,-1.0,-1.0,-1.0,-1.0
983.0,851.0,983.0,851.0,983.0,851.0,-1.0,-1.0,0.0,0.0
994.0,836.0,893.0,872.0,943.0,854.0,-1.0,-1.0,0.0,0.0
-1.0,-1.0,-1.0,-1.0,-1.0,-1.0,-1.0,-1.0,-1.0,-1.0
994.0,834.0,994.0,834.0,994.0,834.0,-1.0,-1.0,0.0,0.0
968.0,844.0,905.0,878.0,936.0,861.0,-1.0,-1.0,0.0,0.0
-1.0,-1.0,-1.0,-1.0,-1.0,-1.0,-1.0,-1.0,-1.0,-1.0
969.0,847.0,999.0,973.0,984.0,910.0,-1.0,-1.0,0.0,0.0
954.0,857.0,954.0,857.0,954.0,857.0,-1.0,-1.0,0.0,0.0
-1.0,-1.0,-1.0,-1.0,-1.0,-1.0,-1.0,-1.0,-1.0,-1.0
953.0,856.0,953.0,856.0,953.0,856.0,-1.0,-1.0,0.0,0.0
985.0,851.0,1000.0,963.0,992.0,907.0,-1.0,-1.0,0.0,0.0
-1.0,-1.0,-1.0,-1.0,-1.0,-1.0,-1.0,-1.0,-1.0,-1.0
985.0,852.0,985.0,852.0,985.0,852.0,-1.0,-1.0,0.0,0.0
970.0,864.0,937.0,839.0,953.0,851.0,-1.0,-1.0,0.0,0.0
-1.0,-1.0,-1.0,-1.0,-1.0,-1.0,-1.0,-1.0,-1.0,-1.0
969.0,864.0,969.0,864.0,969.0,864.0,-1.0,-1.0,0.0,0.0
975.0,833.0,936.0,861.0,955.0,847.0,-1.0,-1.0,0.0,0.0
-1.0,-1.0,-1.0,-1.0,-1.0,-1.0,-1.0,-1.0,-1.0,-1.0
974.0,837.0,974.0,837.0,974.0,837.0,-1.0,-1.0,0.0,0.0
962.0,840.0,970.0,844.0,966.0,842.0,-1.0,-1.0,0.0,0.0
-1.0,-1.0,-1.0,-1.0,-1.0,-1.0,-1.0,-1.0,-1.0,-1.0
978.0,835.0,978.0,835.0,978.0,835.0,-1.0,-1.0,0.0,0.0
-1.0,-1.0,-1.0,-1.0,-1.0,-1.0,-1.0,-1.0,-1.0,-1.0
-1.0,-1.0,-1.0,-1.0,-1.0,-1.0,-1.0,-1.0,-1.0,-1.0
1065.0,1019.0,1065.0,1019.0,1065.0,1019.0,-1.0,-1.0,0.0,0.0
1030.0,833.0,1030.0,833.0,1030.0,833.0,-1.0,-1.0,0.0,0.0
-1.0,-1.0,-1.0,-1.0,-1.0,-1.0,-1.0,-1.0,-1.0,-1.0
-1.0,-1.0,-1.0,-1.0,-1.0,-1.0,-1.0,-1.0,-1.0,-1.0
1173.0,774.0,1173.0,774.0,1173.0,774.0,-1.0,-1.0,0.0,0.0
-1.0,-1.0,-1.0,-1.0,-1.0,-1.0,-1.0,-1.0,-1.0,-1.0
-1.0,-1.0,-1.0,-1.0,-1.0,-1.0,-1.0,-1.0,-1.0,-1.0
1131.0,795.0,1131.0,795.0,1131.0,795.0,-1.0,-1.0,0.0,0.0
-1.0,-1.0,-1.0,-1.0,-1.0,-1.0,-1.0,-1.0,-1.0,-1.0
-1.0,-1.0,-1.0,-1.0,-1.0,-1.0,-1.0,-1.0,-1.0,-1.0
1126.0,801.0,1189.0,778.0,1157.0,789.0,-1.0,-1.0,0.0,0.0
-1.0,-1.0,-1.0,-1.0,-1.0,-1.0,-1.0,-1.0,-1.0,-1.0
-1.0,-1.0,-1.0,-1.0,-1.0,-1.0,-1.0,-1.0,-1.0,-1.0
1163.0,793.0,1163.0,793.0,1163.0,793.0,-1.0,-1.0,0.0,0.0
-1.0,-1.0,-1.0,-1.0,-1.0,-1.0,-1.0,-1.0,-1.0,-1.0
-1.0,-1.0,-1.0,-1.0,-1.0,-1.0,-1.0,-1.0,-1.0,-1.0
1146.0,818.0,1146.0,818.0,1146.0,818.0,-1.0,-1.0,0.0,0.0
-1.0,-1.0,-1.0,-1.0,-1.0,-1.0,-1.0,-1.0,-1.0,-1.0
-1.0,-1.0,-1.0,-1.0,-1.0,-1.0,-1.0,-1.0,-1.0,-1.0
1161.0,790.0,1169.0,789.0,1165.0,789.0,-1.0,-1.0,0.0,0.0
-1.0,-1.0,-1.0,-1.0,-1.0,-1.0,-1.0,-1.0,-1.0,-1.0
1100.0,752.0,1100.0,752.0,1100.0,752.0,-1.0,-1.0,0.0,0.0
1166.0,792.0,1122.0,739.0,1144.0,765.0,-1.0,-1.0,0.0,0.0
-1.0,-1.0,-1.0,-1.0,-1.0,-1.0,-1.0,-1.0,-1.0,-1.0
-1.0,-1.0,-1.0,-1.0,-1.0,-1.0,-1.0,-1.0,-1.0,-1.0
1158.0,811.0,1119.0,745.0,1138.0,778.0,-1.0,-1.0,0.0,0.0
-1.0,-1.0,-1.0,-1.0,-1.0,-1.0,-1.0,-1.0,-1.0,-1.0
-1.0,-1.0,-1.0,-1.0,-1.0,-1.0,-1.0,-1.0,-1.0,-1.0
1140.0,792.0,1201.0,776.0,1170.0,784.0,-1.0,-1.0,0.0,0.0
-1.0,-1.0,-1.0,-1.0,-1.0,-1.0,-1.0,-1.0,-1.0,-1.0
-1.0,-1.0,-1.0,-1.0,-1.0,-1.0,-1.0,-1.0,-1.0,-1.0
1156.0,798.0,1156.0,798.0,1156.0,798.0,-1.0,-1.0,0.0,0.0
-1.0,-1.0,-1.0,-1.0,-1.0,-1.0,-1.0,-1.0,-1.0,-1.0
-1.0,-1.0,-1.0,-1.0,-1.0,-1.0,-1.0,-1.0,-1.0,-1.0
1186.0,773.0,1200.0,776.0,1193.0,774.0,-1.0,-1.0,0.0,0.0
-1.0,-1.0,-1.0,-1.0,-1.0,-1.0,-1.0,-1.0,-1.0,-1.0
-1.0,-1.0,-1.0,-1.0,-1.0,-1.0,-1.0,-1.0,-1.0,-1.0
1115.0,837.0,1173.0,766.0,1144.0,801.0,-1.0,-1.0,0.0,0.0
-1.0,-1.0,-1.0,-1.0,-1.0,-1.0,-1.0,-1.0,-1.0,-1.0
-1.0,-1.0,-1.0,-1.0,-1.0,-1.0,-1.0,-1.0,-1.0,-1.0
1166.0,787.0,1221.0,783.0,1193.0,785.0,-1.0,-1.0,0.0,0.0
-1.0,-1.0,-1.0,-1.0,-1.0,-1.0,-1.0,-1.0,-1.0,-1.0
-1.0,-1.0,-1.0,-1.0,-1.0,-1.0,-1.0,-1.0,-1.0,-1.0
1166.0,790.0,1198.0,753.0,1182.0,771.0,-1.0,-1.0,0.0,0.0
-1.0,-1.0,-1.0,-1.0,-1.0,-1.0,-1.0,-1.0,-1.0,-1.0
-1.0,-1.0,-1.0,-1.0,-1.0,-1.0,-1.0,-1.0,-1.0,-1.0
-1.0,-1.0,-1.0,-1.0,-1.0,-1.0,-1.0,-1.0,-1.0,-1.0
-1.0,-1.0,-1.0,-1.0,-1.0,-1.0,-1.0,-1.0,-1.0,-1.0
-1.0,-1.0,-1.0,-1.0,-1.0,-1.0,-1.0,-1.0,-1.0,-1.0
1154.0,789.0,1154.0,789.0,1154.0,789.0,-1.0,-1.0,0.0,0.0
-1.0,-1.0,-1.0,-1.0,-1.0,-1.0,-1.0,-1.0,-1.0,-1.0
-1.0,-1.0,-1.0,-1.0,-1.0,-1.0,-1.0,-1.0,-1.0,-1.0
1169.0,807.0,1169.0,807.0,1169.0,807.0,-1.0,-1.0,0.0,0.0
-1.0,-1.0,-1.0,-1.0,-1.0,-1.0,-1.0,-1.0,-1.0,-1.0
-1.0,-1.0,-1.0,-1.0,-1.0,-1.0,-1.0,-1.0,-1.0,-1.0
1160.0,787.0,1160.0,787.0,1160.0,787.0,-1.0,-1.0,0.0,0.0
-1.0,-1.0,-1.0,-1.0,-1.0,-1.0,-1.0,-1.0,-1.0,-1.0
-1.0,-1.0,-1.0,-1.0,-1.0,-1.0,-1.0,-1.0,-1.0,-1.0
1178.0,789.0,1178.0,789.0,1178.0,789.0,-1.0,-1.0,0.0,0.0
-1.0,-1.0,-1.0,-1.0,-1.0,-1.0,-1.0,-1.0,-1.0,-1.0
-1.0,-1.0,-1.0,-1.0,-1.0,-1.0,-1.0,-1.0,-1.0,-1.0
1153.0,778.0,1153.0,778.0,1153.0,778.0,-1.0,-1.0,0.0,0.0
-1.0,-1.0,-1.0,-1.0,-1.0,-1.0,-1.0,-1.0,-1.0,-1.0
-1.0,-1.0,-1.0,-1.0,-1.0,-1.0,-1.0,-1.0,-1.0,-1.0
1164.0,793.0,1201.0,785.0,1182.0,789.0,-1.0,-1.0,0.0,0.0
-1.0,-1.0,-1.0,-1.0,-1.0,-1.0,-1.0,-1.0,-1.0,-1.0
-1.0,-1.0,-1.0,-1.0,-1.0,-1.0,-1.0,-1.0,-1.0,-1.0
1153.0,800.0,1153.0,800.0,1153.0,800.0,-1.0,-1.0,0.0,0.0
-1.0,-1.0,-1.0,-1.0,-1.0,-1.0,-1.0,-1.0,-1.0,-1.0
-1.0,-1.0,-1.0,-1.0,-1.0,-1.0,-1.0,-1.0,-1.0,-1.0
1120.0,855.0,1137.0,807.0,1128.0,831.0,-1.0,-1.0,0.0,0.0
-1.0,-1.0,-1.0,-1.0,-1.0,-1.0,-1.0,-1.0,-1.0,-1.0
-1.0,-1.0,-1.0,-1.0,-1.0,-1.0,-1.0,-1.0,-1.0,-1.0
1185.0,795.0,1185.0,795.0,1185.0,795.0,-1.0,-1.0,0.0,0.0
-1.0,-1.0,-1.0,-1.0,-1.0,-1.0,-1.0,-1.0,-1.0,-1.0
-1.0,-1.0,-1.0,-1.0,-1.0,-1.0,-1.0,-1.0,-1.0,-1.0
-1.0,-1.0,-1.0,-1.0,-1.0,-1.0,-1.0,-1.0,-1.0,-1.0
-1.0,-1.0,-1.0,-1.0,-1.0,-1.0,-1.0,-1.0,-1.0,-1.0
-1.0,-1.0,-1.0,-1.0,-1.0,-1.0,-1.0,-1.0,-1.0,-1.0
1167.0,803.0,1167.0,803.0,1167.0,803.0,-1.0,-1.0,0.0,0.0
-1.0,-1.0,-1.0,-1.0,-1.0,-1.0,-1.0,-1.0,-1.0,-1.0
-1.0,-1.0,-1.0,-1.0,-1.0,-1.0,-1.0,-1.0,-1.0,-1.0
1172.0,796.0,1264.0,787.0,1218.0,791.0,-1.0,-1.0,0.0,0.0
-1.0,-1.0,-1.0,-1.0,-1.0,-1.0,-1.0,-1.0,-1.0,-1.0
-1.0,-1.0,-1.0,-1.0,-1.0,-1.0,-1.0,-1.0,-1.0,-1.0
1172.0,812.0,1235.0,756.0,1203.0,784.0,-1.0,-1.0,0.0,0.0
-1.0,-1.0,-1.0,-1.0,-1.0,-1.0,-1.0,-1.0,-1.0,-1.0
-1.0,-1.0,-1.0,-1.0,-1.0,-1.0,-1.0,-1.0,-1.0,-1.0
1262.0,794.0,1262.0,794.0,1262.0,794.0,-1.0,-1.0,0.0,0.0
-1.0,-1.0,-1.0,-1.0,-1.0,-1.0,-1.0,-1.0,-1.0,-1.0
-1.0,-1.0,-1.0,-1.0,-1.0,-1.0,-1.0,-1.0,-1.0,-1.0
1231.0,824.0,1231.0,824.0,1231.0,824.0,-1.0,-1.0,0.0,0.0
1183.0,879.0,1183.0,879.0,1183.0,879.0,1.71,1.71,0.0,0.0
-1.0,-1.0,-1.0,-1.0,-1.0,-1.0,-1.0,-1.0,-1.0,-1.0
1247.0,826.0,1260.0,844.0,1253.0,835.0,-1.0,-1.0,0.0,0.0
-1.0,-1.0,-1.0,-1.0,-1.0,-1.0,-1.0,-1.0,-1.0,-1.0
-1.0,-1.0,-1.0,-1.0,-1.0,-1.0,-1.0,-1.0,-1.0,-1.0
1277.0,819.0,1277.0,819.0,1277.0,819.0,-1.0,-1.0,0.0,0.0
-1.0,-1.0,-1.0,-1.0,-1.0,-1.0,-1.0,-1.0,-1.0,-1.0
-1.0,-1.0,-1.0,-1.0,-1.0,-1.0,-1.0,-1.0,-1.0,-1.0
1256.0,815.0,1301.0,785.0,1278.0,800.0,-1.0,-1.0,0.0,0.0
-1.0,-1.0,-1.0,-1.0,-1.0,-1.0,-1.0,-1.0,-1.0,-1.0
-1.0,-1.0,-1.0,-1.0,-1.0,-1.0,-1.0,-1.0,-1.0,-1.0
1256.0,839.0,1256.0,839.0,1256.0,839.0,-1.0,-1.0,0.0,0.0
-1.0,-1.0,-1.0,-1.0,-1.0,-1.0,-1.0,-1.0,-1.0,-1.0
-1.0,-1.0,-1.0,-1.0,-1.0,-1.0,-1.0,-1.0,-1.0,-1.0
1245.0,833.0,1245.0,833.0,1245.0,833.0,-1.0,-1.0,0.0,0.0
-1.0,-1.0,-1.0,-1.0,-1.0,-1.0,-1.0,-1.0,-1.0,-1.0
-1.0,-1.0,-1.0,-1.0,-1.0,-1.0,-1.0,-1.0,-1.0,-1.0
1269.0,814.0,1269.0,814.0,1269.0,814.0,-1.0,-1.0,0.0,0.0
-1.0,-1.0,-1.0,-1.0,-1.0,-1.0,-1.0,-1.0,-1.0,-1.0
-1.0,-1.0,-1.0,-1.0,-1.0,-1.0,-1.0,-1.0,-1.0,-1.0
1242.0,824.0,1242.0,824.0,1242.0,824.0,-1.0,-1.0,0.0,0.0
-1.0,-1.0,-1.0,-1.0,-1.0,-1.0,-1.0,-1.0,-1.0,-1.0
-1.0,-1.0,-1.0,-1.0,-1.0,-1.0,-1.0,-1.0,-1.0,-1.0
-1.0,-1.0,-1.0,-1.0,-1.0,-1.0,-1.0,-1.0,-1.0,-1.0
-1.0,-1.0,-1.0,-1.0,-1.0,-1.0,-1.0,-1.0,-1.0,-1.0
-1.0,-1.0,-1.0,-1.0,-1.0,-1.0,-1.0,-1.0,-1.0,-1.0
1251.0,805.0,1285.0,820.0,1268.0,812.0,-1.0,-1.0,0.0,0.0
1221.0,834.0,1221.0,834.0,1221.0,834.0,1.86,1.86,0.0,0.0
-1.0,-1.0,-1.0,-1.0,-1.0,-1.0,-1.0,-1.0,-1.0,-1.0
1235.0,829.0,1233.0,816.0,1234.0,822.0,-1.0,-1.0,0.0,0.0
-1.0,-1.0,-1.0,-1.0,-1.0,-1.0,-1.0,-1.0,-1.0,-1.0
-1.0,-1.0,-1.0,-1.0,-1.0,-1.0,-1.0,-1.0,-1.0,-1.0
1271.0,795.0,1271.0,795.0,1271.0,795.0,-1.0,-1.0,0.0,0.0
-1.0,-1.0,-1.0,-1.0,-1.0,-1.0,-1.0,-1.0,-1.0,-1.0
-1.0,-1.0,-1.0,-1.0,-1.0,-1.0,-1.0,-1.0,-1.0,-1.0
1334.0,832.0,1416.0,775.0,1375.0,803.0,-1.0,-1.0,0.0,0.0
-1.0,-1.0,-1.0,-1.0,-1.0,-1.0,-1.0,-1.0,-1.0,-1.0
-1.0,-1.0,-1.0,-1.0,-1.0,-1.0,-1.0,-1.0,-1.0,-1.0
1312.0,836.0,1312.0,836.0,1312.0,836.0,-1.0,-1.0,0.0,0.0
-1.0,-1.0,-1.0,-1.0,-1.0,-1.0,-1.0,-1.0,-1.0,-1.0
-1.0,-1.0,-1.0,-1.0,-1.0,-1.0,-1.0,-1.0,-1.0,-1.0
1356.0,819.0,1436.0,779.0,1396.0,799.0,-1.0,-1.0,0.0,0.0
-1.0,-1.0,-1.0,-1.0,-1.0,-1.0,-1.0,-1.0,-1.0,-1.0
-1.0,-1.0,-1.0,-1.0,-1.0,-1.0,-1.0,-1.0,-1.0,-1.0
1329.0,826.0,1442.0,791.0,1385.0,808.0,-1.0,-1.0,0.0,0.0
-1.0,-1.0,-1.0,-1.0,-1.0,-1.0,-1.0,-1.0,-1.0,-1.0
-1.0,-1.0,-1.0,-1.0,-1.0,-1.0,-1.0,-1.0,-1.0,-1.0
1334.0,843.0,1334.0,843.0,1334.0,843.0,-1.0,-1.0,0.0,0.0
1416.0,805.0,1416.0,805.0,1416.0,805.0,1.72,1.72,0.0,0.0
-1.0,-1.0,-1.0,-1.0,-1.0,-1.0,-1.0,-1.0,-1.0,-1.0
1346.0,814.0,1408.0,805.0,1377.0,809.0,-1.0,-1.0,0.0,0.0
-1.0,-1.0,-1.0,-1.0,-1.0,-1.0,-1.0,-1.0,-1.0,-1.0
1408.0,805.0,1408.0,805.0,1408.0,805.0,-1.0,-1.0,0.0,0.0
1328.0,811.0,1414.0,793.0,1371.0,802.0,-1.0,-1.0,0.0,0.0
-1.0,-1.0,-1.0,-1.0,-1.0,-1.0,-1.0,-1.0,-1.0,-1.0
-1.0,-1.0,-1.0,-1.0,-1.0,-1.0,-1.0,-1.0,-1.0,-1.0
1349.0,855.0,1396.0,781.0,1372.0,818.0,-1.0,-1.0,0.0,0.0
-1.0,-1.0,-1.0,-1.0,-1.0,-1.0,-1.0,-1.0,-1.0,-1.0
-1.0,-1.0,-1.0,-1.0,-1.0,-1.0,-1.0,-1.0,-1.0,-1.0
1439.0,825.0,1439.0,825.0,1439.0,825.0,-1.0,-1.0,0.0,0.0
-1.0,-1.0,-1.0,-1.0,-1.0,-1.0,-1.0,-1.0,-1.0,-1.0
-1.0,-1.0,-1.0,-1.0,-1.0,-1.0,-1.0,-1.0,-1.0,-1.0
1441.0,845.0,1441.0,845.0,1441.0,845.0,-1.0,-1.0,0.0,0.0
-1.0,-1.0,-1.0,-1.0,-1.0,-1.0,-1.0,-1.0,-1.0,-1.0
1530.0,721.0,1530.0,721.0,1530.0,721.0,-1.0,-1.0,0.0,0.0
1531.0,719.0,1531.0,719.0,1531.0,719.0,-1.0,-1.0,0.0,0.0
-1.0,-1.0,-1.0,-1.0,-1.0,-1.0,-1.0,-1.0,-1.0,-1.0
-1.0,-1.0,-1.0,-1.0,-1.0,-1.0,-1.0,-1.0,-1.0,-1.0
1538.0,722.0,1538.0,722.0,1538.0,722.0,-1.0,-1.0,0.0,0.0
-1.0,-1.0,-1.0,-1.0,-1.0,-1.0,-1.0,-1.0,-1.0,-1.0
1456.0,716.0,1456.0,716.0,1456.0,716.0,-1.0,-1.0,0.0,0.0
1439.0,837.0,1439.0,837.0,1439.0,837.0,-1.0,-1.0,0.0,0.0
1508.0,798.0,1508.0,798.0,1508.0,798.0,1.73,1.73,0.0,0.0
-1.0,-1.0,-1.0,-1.0,-1.0,-1.0,-1.0,-1.0,-1.0,-1.0
1453.0,831.0,1453.0,831.0,1453.0,831.0,-1.0,-1.0,0.0,0.0
1367.0,826.0,1367.0,826.0,1367.0,826.0,2.22,2.22,0.0,0.0
1474.0,721.0,1474.0,721.0,1474.0,721.0,-1.0,-1.0,0.0,0.0
1463.0,839.0,1450.0,800.0,1456.0,819.0,-1.0,-1.0,0.0,0.0
1509.0,798.0,1509.0,798.0,1509.0,798.0,1.76,1.76,0.0,0.0
1506.0,743.0,1506.0,743.0,1506.0,743.0,-1.0,-1.0,0.0,0.0
1505.0,739.0,1529.0,816.0,1517.0,777.0,-1.0,-1.0,0.0,0.0
-1.0,-1.0,-1.0,-1.0,-1.0,-1.0,-1.0,-1.0,-1.0,-1.0
1529.0,816.0,1529.0,816.0,1529.0,816.0,-1.0,-1.0,0.0,0.0
1499.0,741.0,1499.0,741.0,1499.0,741.0,-1.0,-1.0,0.0,0.0
-1.0,-1.0,-1.0,-1.0,-1.0,-1.0,-1.0,-1.0,-1.0,-1.0
-1.0,-1.0,-1.0,-1.0,-1.0,-1.0,-1.0,-1.0,-1.0,-1.0
1429.0,816.0,1429.0,816.0,1429.0,816.0,-1.0,-1.0,0.0,0.0
-1.0,-1.0,-1.0,-1.0,-1.0,-1.0,-1.0,-1.0,-1.0,-1.0
-1.0,-1.0,-1.0,-1.0,-1.0,-1.0,-1.0,-1.0,-1.0,-1.0
1439.0,823.0,1439.0,823.0,1439.0,823.0,-1.0,-1.0,0.0,0.0
-1.0,-1.0,-1.0,-1.0,-1.0,-1.0,-1.0,-1.0,-1.0,-1.0
-1.0,-1.0,-1.0,-1.0,-1.0,-1.0,-1.0,-1.0,-1.0,-1.0
1417.0,821.0,1423.0,730.0,1420.0,775.0,-1.0,-1.0,0.0,0.0
-1.0,-1.0,-1.0,-1.0,-1.0,-1.0,-1.0,-1.0,-1.0,-1.0
1368.0,774.0,1368.0,774.0,1368.0,774.0,-1.0,-1.0,0.0,0.0
1402.0,818.0,1353.0,791.0,1377.0,804.0,-1.0,-1.0,0.0,0.0
-1.0,-1.0,-1.0,-1.0,-1.0,-1.0,-1.0,-1.0,-1.0,-1.0
-1.0,-1.0,-1.0,-1.0,-1.0,-1.0,-1.0,-1.0,-1.0,-1.0
1414.0,809.0,1354.0,788.0,1384.0,798.0,-1.0,-1.0,0.0,0.0
-1.0,-1.0,-1.0,-1.0,-1.0,-1.0,-1.0,-1.0,-1.0,-1.0
-1.0,-1.0,-1.0,-1.0,-1.0,-1.0,-1.0,-1.0,-1.0,-1.0
1407.0,831.0,1407.0,831.0,1407.0,831.0,-1.0,-1.0,0.0,0.0
-1.0,-1.0,-1.0,-1.0,-1.0,-1.0,-1.0,-1.0,-1.0,-1.0
-1.0,-1.0,-1.0,-1.0,-1.0,-1.0,-1.0,-1.0,-1.0,-1.0
1402.0,809.0,1366.0,804.0,1384.0,806.0,-1.0,-1.0,0.0,0.0
-1.0,-1.0,-1.0,-1.0,-1.0,-1.0,-1.0,-1.0,-1.0,-1.0
1415.0,752.0,1415.0,752.0,1415.0,752.0,-1.0,-1.0,0.0,0.0
1468.0,835.0,1470.0,815.0,1469.0,825.0,-1.0,-1.0,0.0,0.0
-1.0,-1.0,-1.0,-1.0,-1.0,-1.0,-1.0,-1.0,-1.0,-1.0
1522.0,749.0,1495.0,788.0,1508.0,768.0,-1.0,-1.0,0.0,0.0
1554.0,744.0,1553.0,797.0,1553.0,770.0,-1.0,-1.0,0.0,0.0
-1.0,-1.0,-1.0,-1.0,-1.0,-1.0,-1.0,-1.0,-1.0,-1.0
1553.0,797.0,1553.0,797.0,1553.0,797.0,-1.0,-1.0,0.0,0.0
1562.0,743.0,1537.0,799.0,1549.0,771.0,-1.0,-1.0,0.0,0.0
-1.0,-1.0,-1.0,-1.0,-1.0,-1.0,-1.0,-1.0,-1.0,-1.0
1607.0,729.0,1537.0,799.0,1572.0,764.0,-1.0,-1.0,0.0,0.0
1596.0,730.0,1548.0,812.0,1572.0,771.0,-1.0,-1.0,0.0,0.0
-1.0,-1.0,-1.0,-1.0,-1.0,-1.0,-1.0,-1.0,-1.0,-1.0
1606.0,783.0,1606.0,783.0,1606.0,783.0,-1.0,-1.0,0.0,0.0
1594.0,794.0,1542.0,799.0,1568.0,796.0,-1.0,-1.0,0.0,0.0
-1.0,-1.0,-1.0,-1.0,-1.0,-1.0,-1.0,-1.0,-1.0,-1.0
1542.0,799.0,1542.0,799.0,1542.0,799.0,-1.0,-1.0,0.0,0.0
1580.0,790.0,1547.0,766.0,1563.0,778.0,-1.0,-1.0,0.0,0.0
-1.0,-1.0,-1.0,-1.0,-1.0,-1.0,-1.0,-1.0,-1.0,-1.0
1521.0,798.0,1521.0,798.0,1521.0,798.0,-1.0,-1.0,0.0,0.0
1516.0,813.0,1537.0,810.0,1526.0,811.0,-1.0,-1.0,0.0,0.0
-1.0,-1.0,-1.0,-1.0,-1.0,-1.0,-1.0,-1.0,-1.0,-1.0
1560.0,792.0,1537.0,810.0,1548.0,801.0,-1.0,-1.0,0.0,0.0
1543.0,810.0,1521.0,812.0,1532.0,811.0,-1.0,-1.0,0.0,0.0
1543.0,859.0,1543.0,859.0,1543.0,859.0,1.61,1.61,0.0,0.0
1521.0,812.0,1521.0,812.0,1521.0,812.0,-1.0,-1.0,0.0,0.0
1539.0,868.0,1535.0,812.0,1537.0,840.0,-1.0,-1.0,0.0,0.0
-1.0,-1.0,-1.0,-1.0,-1.0,-1.0,-1.0,-1.0,-1.0,-1.0
1535.0,812.0,1535.0,812.0,1535.0,812.0,-1.0,-1.0,0.0,0.0
-1.0,-1.0,-1.0,-1.0,-1.0,-1.0,-1.0,-1.0,-1.0,-1.0
-1.0,-1.0,-1.0,-1.0,-1.0,-1.0,-1.0,-1.0,-1.0,-1.0
1535.0,812.0,1535.0,812.0,1535.0,812.0,-1.0,-1.0,0.0,0.0
1497.0,842.0,1531.0,821.0,1514.0,831.0,-1.0,-1.0,0.0,0.0
-1.0,-1.0,-1.0,-1.0,-1.0,-1.0,-1.0,-1.0,-1.0,-1.0
1531.0,821.0,1531.0,821.0,1531.0,821.0,-1.0,-1.0,0.0,0.0
1519.0,812.0,1523.0,815.0,1521.0,813.0,-1.0,-1.0,0.0,0.0
-1.0,-1.0,-1.0,-1.0,-1.0,-1.0,-1.0,-1.0,-1.0,-1.0
-1.0,-1.0,-1.0,-1.0,-1.0,-1.0,-1.0,-1.0,-1.0,-1.0
1525.0,811.0,1503.0,812.0,1514.0,811.0,-1.0,-1.0,0.0,0.0
-1.0,-1.0,-1.0,-1.0,-1.0,-1.0,-1.0,-1.0,-1.0,-1.0
1530.0,800.0,1503.0,812.0,1516.0,806.0,-1.0,-1.0,0.0,0.0
1525.0,803.0,1501.0,816.0,1513.0,809.0,-1.0,-1.0,0.0,0.0
-1.0,-1.0,-1.0,-1.0,-1.0,-1.0,-1.0,-1.0,-1.0,-1.0
1549.0,790.0,1511.0,809.0,1530.0,799.0,-1.0,-1.0,0.0,0.0
1602.0,790.0,1550.0,809.0,1576.0,799.0,-1.0,-1.0,0.0,0.0
-1.0,-1.0,-1.0,-1.0,-1.0,-1.0,-1.0,-1.0,-1.0,-1.0
1550.0,816.0,1550.0,816.0,1550.0,816.0,-1.0,-1.0,0.0,0.0
1596.0,794.0,1563.0,817.0,1579.0,805.0,-1.0,-1.0,0.0,0.0
-1.0,-1.0,-1.0,-1.0,-1.0,-1.0,-1.0,-1.0,-1.0,-1.0
1571.0,808.0,1575.0,805.0,1573.0,806.0,-1.0,-1.0,0.0,0.0
1586.0,814.0,1534.0,811.0,1560.0,812.0,-1.0,-1.0,0.0,0.0
-1.0,-1.0,-1.0,-1.0,-1.0,-1.0,-1.0,-1.0,-1.0,-1.0
-1.0,-1.0,-1.0,-1.0,-1.0,-1.0,-1.0,-1.0,-1.0,-1.0
1563.0,802.0,1552.0,826.0,1557.0,814.0,-1.0,-1.0,0.0,0.0
-1.0,-1.0,-1.0,-1.0,-1.0,-1.0,-1.0,-1.0,-1.0,-1.0
1572.0,801.0,1552.0,826.0,1562.0,813.0,-1.0,-1.0,0.0,0.0
-1.0,-1.0,-1.0,-1.0,-1.0,-1.0,-1.0,-1.0,-1.0,-1.0
-1.0,-1.0,-1.0,-1.0,-1.0,-1.0,-1.0,-1.0,-1.0,-1.0
1552.0,826.0,1552.0,826.0,1552.0,826.0,-1.0,-1.0,0.0,0.0
1395.0,777.0,1395.0,777.0,1395.0,777.0,-1.0,-1.0,0.0,0.0
-1.0,-1.0,-1.0,-1.0,-1.0,-1.0,-1.0,-1.0,-1.0,-1.0
1052.0,821.0,1052.0,821.0,1052.0,821.0,-1.0,-1.0,0.0,0.0
1329.0,807.0,1329.0,807.0,1329.0,807.0,-1.0,-1.0,0.0,0.0
-1.0,-1.0,-1.0,-1.0,-1.0,-1.0,-1.0,-1.0,-1.0,-1.0
1008.0,837.0,691.0,937.0,849.0,887.0,-1.0,-1.0,0.0,0.0
488.0,841.0,488.0,841.0,488.0,841.0,-1.0,-1.0,0.0,0.0
-1.0,-1.0,-1.0,-1.0,-1.0,-1.0,-1.0,-1.0,-1.0,-1.0
434.0,856.0,434.0,856.0,434.0,856.0,-1.0,-1.0,0.0,0.0
-1.0,-1.0,-1.0,-1.0,-1.0,-1.0,-1.0,-1.0,-1.0,-1.0
-1.0,-1.0,-1.0,-1.0,-1.0,-1.0,-1.0,-1.0,-1.0,-1.0
464.0,857.0,464.0,857.0,464.0,857.0,-1.0,-1.0,0.0,0.0
-1.0,-1.0,-1.0,-1.0,-1.0,-1.0,-1.0,-1.0,-1.0,-1.0
-1.0,-1.0,-1.0,-1.0,-1.0,-1.0,-1.0,-1.0,-1.0,-1.0
451.0,932.0,451.0,932.0,451.0,932.0,-1.0,-1.0,0.0,0.0
1710.0,45.0,1710.0,45.0,1710.0,45.0,-1.0,-1.0,0.0,0.0
-1.0,-1.0,-1.0,-1.0,-1.0,-1.0,-1.0,-1.0,-1.0,-1.0
442.0,949.0,442.0,949.0,442.0,949.0,-1.0,-1.0,0.0,0.0
-1.0,-1.0,-1.0,-1.0,-1.0,-1.0,-1.0,-1.0,-1.0,-1.0
-1.0,-1.0,-1.0,-1.0,-1.0,-1.0,-1.0,-1.0,-1.0,-1.0
436.0,935.0,436.0,935.0,436.0,935.0,-1.0,-1.0,0.0,0.0
-1.0,-1.0,-1.0,-1.0,-1.0,-1.0,-1.0,-1.0,-1.0,-1.0
-1.0,-1.0,-1.0,-1.0,-1.0,-1.0,-1.0,-1.0,-1.0,-1.0
273.0,906.0,273.0,906.0,273.0,906.0,-1.0,-1.0,0.0,0.0
-1.0,-1.0,-1.0,-1.0,-1.0,-1.0,-1.0,-1.0,-1.0,-1.0
-1.0,-1.0,-1.0,-1.0,-1.0,-1.0,-1.0,-1.0,-1.0,-1.0
170.0,898.0,170.0,898.0,170.0,898.0,-1.0,-1.0,0.0,0.0
-1.0,-1.0,-1.0,-1.0,-1.0,-1.0,-1.0,-1.0,-1.0,-1.0
-1.0,-1.0,-1.0,-1.0,-1.0,-1.0,-1.0,-1.0,-1.0,-1.0
197.0,900.0,197.0,900.0,197.0,900.0,-1.0,-1.0,0.0,0.0
-1.0,-1.0,-1.0,-1.0,-1.0,-1.0,-1.0,-1.0,-1.0,-1.0
-1.0,-1.0,-1.0,-1.0,-1.0,-1.0,-1.0,-1.0,-1.0,-1.0
174.0,900.0,174.0,900.0,174.0,900.0,-1.0,-1.0,0.0,0.0
-1.0,-1.0,-1.0,-1.0,-1.0,-1.0,-1.0,-1.0,-1.0,-1.0
-1.0,-1.0,-1.0,-1.0,-1.0,-1.0,-1.0,-1.0,-1.0,-1.0
207.0,889.0,207.0,889.0,207.0,889.0,-1.0,-1.0,0.0,0.0
-1.0,-1.0,-1.0,-1.0,-1.0,-1.0,-1.0,-1.0,-1.0,-1.0
-1.0,-1.0,-1.0,-1.0,-1.0,-1.0,-1.0,-1.0,-1.0,-1.0
218.0,911.0,218.0,911.0,218.0,911.0,-1.0,-1.0,0.0,0.0
-1.0,-1.0,-1.0,-1.0,-1.0,-1.0,-1.0,-1.0,-1.0,-1.0
-1.0,-1.0,-1.0,-1.0,-1.0,-1.0,-1.0,-1.0,-1.0,-1.0
210.0,887.0,210.0,887.0,210.0,887.0,-1.0,-1.0,0.0,0.0
-1.0,-1.0,-1.0,-1.0,-1.0,-1.0,-1.0,-1.0,-1.0,-1.0
-1.0,-1.0,-1.0,-1.0,-1.0,-1.0,-1.0,-1.0,-1.0,-1.0
193.0,893.0,193.0,893.0,193.0,893.0,-1.0,-1.0,0.0,0.0
-1.0,-1.0,-1.0,-1.0,-1.0,-1.0,-1.0,-1.0,-1.0,-1.0
-1.0,-1.0,-1.0,-1.0,-1.0,-1.0,-1.0,-1.0,-1.0,-1.0
183.0,902.0,183.0,902.0,183.0,902.0,-1.0,-1.0,0.0,0.0
-1.0,-1.0,-1.0,-1.0,-1.0,-1.0,-1.0,-1.0,-1.0,-1.0
-1.0,-1.0,-1.0,-1.0,-1.0,-1.0,-1.0,-1.0,-1.0,-1.0
212.0,900.0,212.0,900.0,212.0,900.0,-1.0,-1.0,0.0,0.0
-1.0,-1.0,-1.0,-1.0,-1.0,-1.0,-1.0,-1.0,-1.0,-1.0
-1.0,-1.0,-1.0,-1.0,-1.0,-1.0,-1.0,-1.0,-1.0,-1.0
162.0,918.0,162.0,918.0,162.0,918.0,-1.0,-1.0,0.0,0.0
-1.0,-1.0,-1.0,-1.0,-1.0,-1.0,-1.0,-1.0,-1.0,-1.0
-1.0,-1.0,-1.0,-1.0,-1.0,-1.0,-1.0,-1.0,-1.0,-1.0
107.0,885.0,107.0,885.0,107.0,885.0,-1.0,-1.0,0.0,0.0
139.0,928.0,139.0,928.0,139.0,928.0,-1.0,-1.0,0.0,0.0
-1.0,-1.0,-1.0,-1.0,-1.0,-1.0,-1.0,-1.0,-1.0,-1.0
144.0,927.0,144.0,927.0,144.0,927.0,-1.0,-1.0,0.0,0.0
63.0,853.0,63.0,853.0,63.0,853.0,-1.0,-1.0,0.0,0.0
-1.0,-1.0,-1.0,-1.0,-1.0,-1.0,-1.0,-1.0,-1.0,-1.0
58.0,855.0,58.0,855.0,58.0,855.0,-1.0,-1.0,0.0,0.0
120.0,895.0,120.0,895.0,120.0,895.0,-1.0,-1.0,0.0,0.0
-1.0,-1.0,-1.0,-1.0,-1.0,-1.0,-1.0,-1.0,-1.0,-1.0
122.0,898.0,122.0,898.0,122.0,898.0,-1.0,-1.0,0.0,0.0
120.0,899.0,120.0,899.0,120.0,899.0,-1.0,-1.0,0.0,0.0
-1.0,-1.0,-1.0,-1.0,-1.0,-1.0,-1.0,-1.0,-1.0,-1.0
147.0,904.0,147.0,904.0,147.0,904.0,-1.0,-1.0,0.0,0.0
142.0,904.0,142.0,904.0,142.0,904.0,-1.0,-1.0,0.0,0.0
-1.0,-1.0,-1.0,-1.0,-1.0,-1.0,-1.0,-1.0,-1.0,-1.0
128.0,907.0,128.0,907.0,128.0,907.0,-1.0,-1.0,0.0,0.0
88.0,876.0,88.0,876.0,88.0,876.0,-1.0,-1.0,0.0,0.0
-1.0,-1.0,-1.0,-1.0,-1.0,-1.0,-1.0,-1.0,-1.0,-1.0
88.0,844.0,88.0,844.0,88.0,844.0,-1.0,-1.0,0.0,0.0
98.0,862.0,98.0,862.0,98.0,862.0,-1.0,-1.0,0.0,0.0
-1.0,-1.0,-1.0,-1.0,-1.0,-1.0,-1.0,-1.0,-1.0,-1.0
107.0,888.0,107.0,888.0,107.0,888.0,-1.0,-1.0,0.0,0.0
146.0,907.0,146.0,907.0,146.0,907.0,-1.0,-1.0,0.0,0.0
-1.0,-1.0,-1.0,-1.0,-1.0,-1.0,-1.0,-1.0,-1.0,-1.0
145.0,892.0,145.0,892.0,145.0,892.0,-1.0,-1.0,0.0,0.0
140.0,890.0,140.0,890.0,140.0,890.0,-1.0,-1.0,0.0,0.0
-1.0,-1.0,-1.0,-1.0,-1.0,-1.0,-1.0,-1.0,-1.0,-1.0
135.0,892.0,203.0,944.0,169.0,918.0,-1.0,-1.0,0.0,0.0
137.0,892.0,137.0,892.0,137.0,892.0,-1.0,-1.0,0.0,0.0
-1.0,-1.0,-1.0,-1.0,-1.0,-1.0,-1.0,-1.0,-1.0,-1.0
225.0,918.0,350.0,928.0,287.0,923.0,-1.0,-1.0,0.0,0.0
-1.0,-1.0,-1.0,-1.0,-1.0,-1.0,-1.0,-1.0,-1.0,-1.0
-1.0,-1.0,-1.0,-1.0,-1.0,-1.0,-1.0,-1.0,-1.0,-1.0
271.0,921.0,271.0,921.0,271.0,921.0,-1.0,-1.0,0.0,0.0
-1.0,-1.0,-1.0,-1.0,-1.0,-1.0,-1.0,-1.0,-1.0,-1.0
320.0,960.0,320.0,960.0,320.0,960.0,1.78,1.78,0.0,0.0
297.0,876.0,315.0,949.0,306.0,912.0,-1.0,-1.0,0.0,0.0
-1.0,-1.0,-1.0,-1.0,-1.0,-1.0,-1.0,-1.0,-1.0,-1.0
-1.0,-1.0,-1.0,-1.0,-1.0,-1.0,-1.0,-1.0,-1.0,-1.0
348.0,954.0,348.0,954.0,348.0,954.0,-1.0,-1.0,0.0,0.0
-1.0,-1.0,-1.0,-1.0,-1.0,-1.0,-1.0,-1.0,-1.0,-1.0
-1.0,-1.0,-1.0,-1.0,-1.0,-1.0,-1.0,-1.0,-1.0,-1.0
355.0,898.0,355.0,898.0,355.0,898.0,-1.0,-1.0,0.0,0.0
-1.0,-1.0,-1.0,-1.0,-1.0,-1.0,-1.0,-1.0,-1.0,-1.0
-1.0,-1.0,-1.0,-1.0,-1.0,-1.0,-1.0,-1.0,-1.0,-1.0
306.0,893.0,306.0,893.0,306.0,893.0,-1.0,-1.0,0.0,0.0
300.0,896.0,300.0,896.0,300.0,896.0,-1.0,-1.0,0.0,0.0
353.0,901.0,353.0,901.0,353.0,901.0,1.67,1.67,0.0,0.0
298.0,901.0,329.0,882.0,313.0,891.0,-1.0,-1.0,0.0,0.0
-1.0,-1.0,-1.0,-1.0,-1.0,-1.0,-1.0,-1.0,-1.0,-1.0
-1.0,-1.0,-1.0,-1.0,-1.0,-1.0,-1.0,-1.0,-1.0,-1.0
304.0,900.0,321.0,945.0,312.0,922.0,-1.0,-1.0,0.0,0.0
293.0,842.0,293.0,842.0,293.0,842.0,-1.0,-1.0,0.0,0.0
-1.0,-1.0,-1.0,-1.0,-1.0,-1.0,-1.0,-1.0,-1.0,-1.0
299.0,846.0,299.0,846.0,299.0,846.0,-1.0,-1.0,0.0,0.0
-1.0,-1.0,-1.0,-1.0,-1.0,-1.0,-1.0,-1.0,-1.0,-1.0
-1.0,-1.0,-1.0,-1.0,-1.0,-1.0,-1.0,-1.0,-1.0,-1.0
279.0,772.0,418.0,918.0,348.0,845.0,-1.0,-1.0,0.0,0.0
-1.0,-1.0,-1.0,-1.0,-1.0,-1.0,-1.0,-1.0,-1.0,-1.0
-1.0,-1.0,-1.0,-1.0,-1.0,-1.0,-1.0,-1.0,-1.0,-1.0
346.0,917.0,346.0,917.0,346.0,917.0,-1.0,-1.0,0.0,0.0
-1.0,-1.0,-1.0,-1.0,-1.0,-1.0,-1.0,-1.0,-1.0,-1.0
-1.0,-1.0,-1.0,-1.0,-1.0,-1.0,-1.0,-1.0,-1.0,-1.0
361.0,925.0,361.0,925.0,361.0,925.0,-1.0,-1.0,0.0,0.0
-1.0,-1.0,-1.0,-1.0,-1.0,-1.0,-1.0,-1.0,-1.0,-1.0
-1.0,-1.0,-1.0,-1.0,-1.0,-1.0,-1.0,-1.0,-1.0,-1.0
278.0,910.0,278.0,910.0,278.0,910.0,-1.0,-1.0,0.0,0.0
-1.0,-1.0,-1.0,-1.0,-1.0,-1.0,-1.0,-1.0,-1.0,-1.0
615.0,1005.0,615.0,1005.0,615.0,1005.0,2.56,2.56,0.0,0.0
637.0,1001.0,362.0,932.0,499.0,966.0,-1.0,-1.0,0.0,0.0
-1.0,-1.0,-1.0,-1.0,-1.0,-1.0,-1.0,-1.0,-1.0,-1.0
680.0,1023.0,680.0,1023.0,680.0,1023.0,2.73,2.73,0.0,0.0
669.0,1021.0,374.0,937.0,521.0,979.0,-1.0,-1.0,0.0,0.0
-1.0,-1.0,-1.0,-1.0,-1.0,-1.0,-1.0,-1.0,-1.0,-1.0
-1.0,-1.0,-1.0,-1.0,-1.0,-1.0,-1.0,-1.0,-1.0,-1.0
668.0,1015.0,668.0,1015.0,668.0,1015.0,-1.0,-1.0,0.0,0.0
-1.0,-1.0,-1.0,-1.0,-1.0,-1.0,-1.0,-1.0,-1.0,-1.0
-1.0,-1.0,-1.0,-1.0,-1.0,-1.0,-1.0,-1.0,-1.0,-1.0
370.0,915.0,370.0,915.0,370.0,915.0,-1.0,-1.0,0.0,0.0
370.0,915.0,370.0,915.0,370.0,915.0,-1.0,-1.0,0.0,0.0
-1.0,-1.0,-1.0,-1.0,-1.0,-1.0,-1.0,-1.0,-1.0,-1.0
455.0,925.0,455.0,925.0,455.0,925.0,-1.0,-1.0,0.0,0.0
-1.0,-1.0,-1.0,-1.0,-1.0,-1.0,-1.0,-1.0,-1.0,-1.0
-1.0,-1.0,-1.0,-1.0,-1.0,-1.0,-1.0,-1.0,-1.0,-1.0
455.0,885.0,455.0,885.0,455.0,885.0,-1.0,-1.0,0.0,0.0
-1.0,-1.0,-1.0,-1.0,-1.0,-1.0,-1.0,-1.0,-1.0,-1.0
-1.0,-1.0,-1.0,-1.0,-1.0,-1.0,-1.0,-1.0,-1.0,-1.0
438.0,881.0,524.0,962.0,481.0,921.0,-1.0,-1.0,0.0,0.0
-1.0,-1.0,-1.0,-1.0,-1.0,-1.0,-1.0,-1.0,-1.0,-1.0
-1.0,-1.0,-1.0,-1.0,-1.0,-1.0,-1.0,-1.0,-1.0,-1.0
477.0,857.0,438.0,948.0,457.0,902.0,-1.0,-1.0,0.0,0.0
-1.0,-1.0,-1.0,-1.0,-1.0,-1.0,-1.0,-1.0,-1.0,-1.0
-1.0,-1.0,-1.0,-1.0,-1.0,-1.0,-1.0,-1.0,-1.0,-1.0
404.0,865.0,481.0,942.0,442.0,903.0,-1.0,-1.0,0.0,0.0
-1.0,-1.0,-1.0,-1.0,-1.0,-1.0,-1.0,-1.0,-1.0,-1.0
-1.0,-1.0,-1.0,-1.0,-1.0,-1.0,-1.0,-1.0,-1.0,-1.0
467.0,896.0,485.0,936.0,476.0,916.0,-1.0,-1.0,0.0,0.0
481.0,892.0,481.0,892.0,481.0,892.0,-1.0,-1.0,0.0,0.0
-1.0,-1.0,-1.0,-1.0,-1.0,-1.0,-1.0,-1.0,-1.0,-1.0
476.0,892.0,490.0,935.0,483.0,913.0,-1.0,-1.0,0.0,0.0
-1.0,-1.0,-1.0,-1.0,-1.0,-1.0,-1.0,-1.0,-1.0,-1.0
-1.0,-1.0,-1.0,-1.0,-1.0,-1.0,-1.0,-1.0,-1.0,-1.0
469.0,887.0,489.0,947.0,479.0,917.0,-1.0,-1.0,0.0,0.0
-1.0,-1.0,-1.0,-1.0,-1.0,-1.0,-1.0,-1.0,-1.0,-1.0
-1.0,-1.0,-1.0,-1.0,-1.0,-1.0,-1.0,-1.0,-1.0,-1.0
461.0,899.0,461.0,899.0,461.0,899.0,-1.0,-1.0,0.0,0.0
-1.0,-1.0,-1.0,-1.0,-1.0,-1.0,-1.0,-1.0,-1.0,-1.0
-1.0,-1.0,-1.0,-1.0,-1.0,-1.0,-1.0,-1.0,-1.0,-1.0
399.0,872.0,454.0,956.0,426.0,914.0,-1.0,-1.0,0.0,0.0
-1.0,-1.0,-1.0,-1.0,-1.0,-1.0,-1.0,-1.0,-1.0,-1.0
-1.0,-1.0,-1.0,-1.0,-1.0,-1.0,-1.0,-1.0,-1.0,-1.0
411.0,880.0,470.0,930.0,440.0,905.0,-1.0,-1.0,0.0,0.0
497.0,785.0,497.0,785.0,497.0,785.0,-1.0,-1.0,0.0,0.0
-1.0,-1.0,-1.0,-1.0,-1.0,-1.0,-1.0,-1.0,-1.0,-1.0
-1.0,-1.0,-1.0,-1.0,-1.0,-1.0,-1.0,-1.0,-1.0,-1.0
-1.0,-1.0,-1.0,-1.0,-1.0,-1.0,-1.0,-1.0,-1.0,-1.0
-1.0,-1.0,-1.0,-1.0,-1.0,-1.0,-1.0,-1.0,-1.0,-1.0
487.0,951.0,487.0,951.0,487.0,951.0,-1.0,-1.0,0.0,0.0
-1.0,-1.0,-1.0,-1.0,-1.0,-1.0,-1.0,-1.0,-1.0,-1.0
-1.0,-1.0,-1.0,-1.0,-1.0,-1.0,-1.0,-1.0,-1.0,-1.0
454.0,886.0,491.0,964.0,472.0,925.0,-1.0,-1.0,0.0,0.0
-1.0,-1.0,-1.0,-1.0,-1.0,-1.0,-1.0,-1.0,-1.0,-1.0
-1.0,-1.0,-1.0,-1.0,-1.0,-1.0,-1.0,-1.0,-1.0,-1.0
437.0,917.0,437.0,917.0,437.0,917.0,-1.0,-1.0,0.0,0.0
-1.0,-1.0,-1.0,-1.0,-1.0,-1.0,-1.0,-1.0,-1.0,-1.0
-1.0,-1.0,-1.0,-1.0,-1.0,-1.0,-1.0,-1.0,-1.0,-1.0
442.0,896.0,495.0,933.0,468.0,914.0,-1.0,-1.0,0.0,0.0
-1.0,-1.0,-1.0,-1.0,-1.0,-1.0,-1.0,-1.0,-1.0,-1.0
-1.0,-1.0,-1.0,-1.0,-1.0,-1.0,-1.0,-1.0,-1.0,-1.0
423.0,854.0,506.0,961.0,464.0,907.0,-1.0,-1.0,0.0,0.0
-1.0,-1.0,-1.0,-1.0,-1.0,-1.0,-1.0,-1.0,-1.0,-1.0
-1.0,-1.0,-1.0,-1.0,-1.0,-1.0,-1.0,-1.0,-1.0,-1.0
471.0,845.0,626.0,934.0,548.0,889.0,-1.0,-1.0,0.0,0.0
-1.0,-1.0,-1.0,-1.0,-1.0,-1.0,-1.0,-1.0,-1.0,-1.0
-1.0,-1.0,-1.0,-1.0,-1.0,-1.0,-1.0,-1.0,-1.0,-1.0
609.0,906.0,604.0,934.0,606.0,920.0,-1.0,-1.0,0.0,0.0
-1.0,-1.0,-1.0,-1.0,-1.0,-1.0,-1.0,-1.0,-1.0,-1.0
-1.0,-1.0,-1.0,-1.0,-1.0,-1.0,-1.0,-1.0,-1.0,-1.0
605.0,894.0,620.0,913.0,612.0,903.0,-1.0,-1.0,0.0,0.0
729.0,1068.0,729.0,1068.0,729.0,1068.0,-1.0,-1.0,0.0,0.0
-1.0,-1.0,-1.0,-1.0,-1.0,-1.0,-1.0,-1.0,-1.0,-1.0
594.0,936.0,594.0,936.0,594.0,936.0,-1.0,-1.0,0.0,0.0
-1.0,-1.0,-1.0,-1.0,-1.0,-1.0,-1.0,-1.0,-1.0,-1.0
729.0,1068.0,729.0,1068.0,729.0,1068.0,2.9,2.9,0.0,0.0
721.0,1069.0,558.0,912.0,639.0,990.0,-1.0,-1.0,0.0,0.0
-1.0,-1.0,-1.0,-1.0,-1.0,-1.0,-1.0,-1.0,-1.0,-1.0
852.0,1009.0,852.0,1009.0,852.0,1009.0,2.82,2.82,0.0,0.0
844.0,992.0,570.0,914.0,707.0,953.0,-1.0,-1.0,0.0,0.0
-1.0,-1.0,-1.0,-1.0,-1.0,-1.0,-1.0,-1.0,-1.0,-1.0
955.0,1201.0,955.0,1201.0,955.0,1201.0,2.89,2.89,0.0,0.0
612.0,935.0,612.0,935.0,612.0,935.0,-1.0,-1.0,0.0,0.0
-1.0,-1.0,-1.0,-1.0,-1.0,-1.0,-1.0,-1.0,-1.0,-1.0
-1.0,-1.0,-1.0,-1.0,-1.0,-1.0,-1.0,-1.0,-1.0,-1.0
576.0,925.0,576.0,925.0,576.0,925.0,-1.0,-1.0,0.0,0.0
-1.0,-1.0,-1.0,-1.0,-1.0,-1.0,-1.0,-1.0,-1.0,-1.0
-1.0,-1.0,-1.0,-1.0,-1.0,-1.0,-1.0,-1.0,-1.0,-1.0
-1.0,-1.0,-1.0,-1.0,-1.0,-1.0,-1.0,-1.0,-1.0,-1.0
-1.0,-1.0,-1.0,-1.0,-1.0,-1.0,-1.0,-1.0,-1.0,-1.0
-1.0,-1.0,-1.0,-1.0,-1.0,-1.0,-1.0,-1.0,-1.0,-1.0
588.0,898.0,588.0,898.0,588.0,898.0,-1.0,-1.0,0.0,0.0
-1.0,-1.0,-1.0,-1.0,-1.0,-1.0,-1.0,-1.0,-1.0,-1.0
-1.0,-1.0,-1.0,-1.0,-1.0,-1.0,-1.0,-1.0,-1.0,-1.0
575.0,932.0,575.0,932.0,575.0,932.0,-1.0,-1.0,0.0,0.0
-1.0,-1.0,-1.0,-1.0,-1.0,-1.0,-1.0,-1.0,-1.0,-1.0
-1.0,-1.0,-1.0,-1.0,-1.0,-1.0,-1.0,-1.0,-1.0,-1.0
467.0,926.0,467.0,926.0,467.0,926.0,-1.0,-1.0,0.0,0.0
-1.0,-1.0,-1.0,-1.0,-1.0,-1.0,-1.0,-1.0,-1.0,-1.0
-1.0,-1.0,-1.0,-1.0,-1.0,-1.0,-1.0,-1.0,-1.0,-1.0
495.0,946.0,495.0,946.0,495.0,946.0,-1.0,-1.0,0.0,0.0
467.0,900.0,467.0,900.0,467.0,900.0,-1.0,-1.0,0.0,0.0
-1.0,-1.0,-1.0,-1.0,-1.0,-1.0,-1.0,-1.0,-1.0,-1.0
483.0,902.0,484.0,938.0,483.0,920.0,-1.0,-1.0,0.0,0.0
469.0,884.0,469.0,884.0,469.0,884.0,-1.0,-1.0,0.0,0.0
-1.0,-1.0,-1.0,-1.0,-1.0,-1.0,-1.0,-1.0,-1.0,-1.0
479.0,901.0,469.0,930.0,474.0,915.0,-1.0,-1.0,0.0,0.0
490.0,934.0,490.0,934.0,490.0,934.0,-1.0,-1.0,0.0,0.0
-1.0,-1.0,-1.0,-1.0,-1.0,-1.0,-1.0,-1.0,-1.0,-1.0
467.0,915.0,504.0,942.0,485.0,928.0,-1.0,-1.0,0.0,0.0
-1.0,-1.0,-1.0,-1.0,-1.0,-1.0,-1.0,-1.0,-1.0,-1.0
-1.0,-1.0,-1.0,-1.0,-1.0,-1.0,-1.0,-1.0,-1.0,-1.0
475.0,924.0,455.0,935.0,465.0,929.0,-1.0,-1.0,0.0,0.0
458.0,877.0,458.0,877.0,458.0,877.0,-1.0,-1.0,0.0,0.0
-1.0,-1.0,-1.0,-1.0,-1.0,-1.0,-1.0,-1.0,-1.0,-1.0
459.0,870.0,463.0,937.0,461.0,903.0,-1.0,-1.0,0.0,0.0
466.0,905.0,466.0,905.0,466.0,905.0,-1.0,-1.0,0.0,0.0
-1.0,-1.0,-1.0,-1.0,-1.0,-1.0,-1.0,-1.0,-1.0,-1.0
466.0,906.0,464.0,919.0,465.0,912.0,-1.0,-1.0,0.0,0.0
-1.0,-1.0,-1.0,-1.0,-1.0,-1.0,-1.0,-1.0,-1.0,-1.0
-1.0,-1.0,-1.0,-1.0,-1.0,-1.0,-1.0,-1.0,-1.0,-1.0
451.0,895.0,474.0,909.0,462.0,902.0,-1.0,-1.0,0.0,0.0
440.0,885.0,440.0,885.0,440.0,885.0,-1.0,-1.0,0.0,0.0
-1.0,-1.0,-1.0,-1.0,-1.0,-1.0,-1.0,-1.0,-1.0,-1.0
473.0,908.0,473.0,908.0,473.0,908.0,-1.0,-1.0,0.0,0.0
-1.0,-1.0,-1.0,-1.0,-1.0,-1.0,-1.0,-1.0,-1.0,-1.0
-1.0,-1.0,-1.0,-1.0,-1.0,-1.0,-1.0,-1.0,-1.0,-1.0
473.0,923.0,461.0,910.0,467.0,916.0,-1.0,-1.0,0.0,0.0
-1.0,-1.0,-1.0,-1.0,-1.0,-1.0,-1.0,-1.0,-1.0,-1.0
475.0,933.0,475.0,933.0,475.0,933.0,2.35,2.35,0.0,0.0
507.0,890.0,506.0,931.0,506.0,910.0,-1.0,-1.0,0.0,0.0
666.0,952.0,666.0,952.0,666.0,952.0,-1.0,-1.0,0.0,0.0
-1.0,-1.0,-1.0,-1.0,-1.0,-1.0,-1.0,-1.0,-1.0,-1.0
743.0,945.0,743.0,945.0,743.0,945.0,-1.0,-1.0,0.0,0.0
-1.0,-1.0,-1.0,-1.0,-1.0,-1.0,-1.0,-1.0,-1.0,-1.0
-1.0,-1.0,-1.0,-1.0,-1.0,-1.0,-1.0,-1.0,-1.0,-1.0
673.0,854.0,673.0,854.0,673.0,854.0,-1.0,-1.0,0.0,0.0
782.0,921.0,782.0,921.0,782.0,921.0,-1.0,-1.0,0.0,0.0
772.0,1014.0,772.0,1014.0,772.0,1014.0,2.36,2.36,0.0,0.0
-1.0,-1.0,-1.0,-1.0,-1.0,-1.0,-1.0,-1.0,-1.0,-1.0
843.0,914.0,843.0,914.0,843.0,914.0,-1.0,-1.0,0.0,0.0
-1.0,-1.0,-1.0,-1.0,-1.0,-1.0,-1.0,-1.0,-1.0,-1.0
770.0,1014.0,770.0,1014.0,770.0,1014.0,-1.0,-1.0,0.0,0.0
-1.0,-1.0,-1.0,-1.0,-1.0,-1.0,-1.0,-1.0,-1.0,-1.0
-1.0,-1.0,-1.0,-1.0,-1.0,-1.0,-1.0,-1.0,-1.0,-1.0
670.0,833.0,670.0,833.0,670.0,833.0,-1.0,-1.0,0.0,0.0
-1.0,-1.0,-1.0,-1.0,-1.0,-1.0,-1.0,-1.0,-1.0,-1.0
-1.0,-1.0,-1.0,-1.0,-1.0,-1.0,-1.0,-1.0,-1.0,-1.0
666.0,888.0,666.0,888.0,666.0,888.0,-1.0,-1.0,0.0,0.0
967.0,960.0,967.0,960.0,967.0,960.0,-1.0,-1.0,0.0,0.0
-1.0,-1.0,-1.0,-1.0,-1.0,-1.0,-1.0,-1.0,-1.0,-1.0
589.0,845.0,589.0,845.0,589.0,845.0,-1.0,-1.0,0.0,0.0
-1.0,-1.0,-1.0,-1.0,-1.0,-1.0,-1.0,-1.0,-1.0,-1.0
-1.0,-1.0,-1.0,-1.0,-1.0,-1.0,-1.0,-1.0,-1.0,-1.0
-1.0,-1.0,-1.0,-1.0,-1.0,-1.0,-1.0,-1.0,-1.0,-1.0
-1.0,-1.0,-1.0,-1.0,-1.0,-1.0,-1.0,-1.0,-1.0,-1.0
-1.0,-1.0,-1.0,-1.0,-1.0,-1.0,-1.0,-1.0,-1.0,-1.0
627.0,873.0,627.0,873.0,627.0,873.0,-1.0,-1.0,0.0,0.0
-1.0,-1.0,-1.0,-1.0,-1.0,-1.0,-1.0,-1.0,-1.0,-1.0
-1.0,-1.0,-1.0,-1.0,-1.0,-1.0,-1.0,-1.0,-1.0,-1.0
676.0,883.0,676.0,883.0,676.0,883.0,-1.0,-1.0,0.0,0.0
842.0,860.0,842.0,860.0,842.0,860.0,-1.0,-1.0,0.0,0.0
-1.0,-1.0,-1.0,-1.0,-1.0,-1.0,-1.0,-1.0,-1.0,-1.0
638.0,887.0,638.0,887.0,638.0,887.0,-1.0,-1.0,0.0,0.0
-1.0,-1.0,-1.0,-1.0,-1.0,-1.0,-1.0,-1.0,-1.0,-1.0
-1.0,-1.0,-1.0,-1.0,-1.0,-1.0,-1.0,-1.0,-1.0,-1.0
-1.0,-1.0,-1.0,-1.0,-1.0,-1.0,-1.0,-1.0,-1.0,-1.0
793.0,936.0,793.0,936.0,793.0,936.0,-1.0,-1.0,0.0,0.0
-1.0,-1.0,-1.0,-1.0,-1.0,-1.0,-1.0,-1.0,-1.0,-1.0
625.0,833.0,625.0,833.0,625.0,833.0,-1.0,-1.0,0.0,0.0
775.0,884.0,775.0,884.0,775.0,884.0,-1.0,-1.0,0.0,0.0
-1.0,-1.0,-1.0,-1.0,-1.0,-1.0,-1.0,-1.0,-1.0,-1.0
640.0,886.0,640.0,886.0,640.0,886.0,-1.0,-1.0,0.0,0.0
-1.0,-1.0,-1.0,-1.0,-1.0,-1.0,-1.0,-1.0,-1.0,-1.0
-1.0,-1.0,-1.0,-1.0,-1.0,-1.0,-1.0,-1.0,-1.0,-1.0
618.0,882.0,618.0,882.0,618.0,882.0,-1.0,-1.0,0.0,0.0
-1.0,-1.0,-1.0,-1.0,-1.0,-1.0,-1.0,-1.0,-1.0,-1.0
-1.0,-1.0,-1.0,-1.0,-1.0,-1.0,-1.0,-1.0,-1.0,-1.0
875.0,976.0,875.0,976.0,875.0,976.0,-1.0,-1.0,0.0,0.0
892.0,938.0,892.0,938.0,892.0,938.0,-1.0,-1.0,0.0,0.0
-1.0,-1.0,-1.0,-1.0,-1.0,-1.0,-1.0,-1.0,-1.0,-1.0
780.0,885.0,780.0,885.0,780.0,885.0,-1.0,-1.0,0.0,0.0
897.0,939.0,897.0,939.0,897.0,939.0,-1.0,-1.0,0.0,0.0
-1.0,-1.0,-1.0,-1.0,-1.0,-1.0,-1.0,-1.0,-1.0,-1.0
-1.0,-1.0,-1.0,-1.0,-1.0,-1.0,-1.0,-1.0,-1.0,-1.0
913.0,932.0,913.0,932.0,913.0,932.0,-1.0,-1.0,0.0,0.0
668.0,830.0,668.0,830.0,668.0,830.0,2.73,2.73,0.0,0.0
-1.0,-1.0,-1.0,-1.0,-1.0,-1.0,-1.0,-1.0,-1.0,-1.0
865.0,908.0,865.0,908.0,865.0,908.0,-1.0,-1.0,0.0,0.0
-1.0,-1.0,-1.0,-1.0,-1.0,-1.0,-1.0,-1.0,-1.0,-1.0
645.0,800.0,645.0,800.0,645.0,800.0,-1.0,-1.0,0.0,0.0
878.0,945.0,878.0,945.0,878.0,945.0,-1.0,-1.0,0.0,0.0
-1.0,-1.0,-1.0,-1.0,-1.0,-1.0,-1.0,-1.0,-1.0,-1.0
1036.0,1033.0,1036.0,1033.0,1036.0,1033.0,-1.0,-1.0,0.0,0.0
1107.0,1017.0,1107.0,1017.0,1107.0,1017.0,-1.0,-1.0,0.0,0.0
-1.0,-1.0,-1.0,-1.0,-1.0,-1.0,-1.0,-1.0,-1.0,-1.0
-1.0,-1.0,-1.0,-1.0,-1.0,-1.0,-1.0,-1.0,-1.0,-1.0
1070.0,1025.0,1070.0,1025.0,1070.0,1025.0,-1.0,-1.0,0.0,0.0
-1.0,-1.0,-1.0,-1.0,-1.0,-1.0,-1.0,-1.0,-1.0,-1.0
-1.0,-1.0,-1.0,-1.0,-1.0,-1.0,-1.0,-1.0,-1.0,-1.0
944.0,910.0,944.0,910.0,944.0,910.0,-1.0,-1.0,0.0,0.0
-1.0,-1.0,-1.0,-1.0,-1.0,-1.0,-1.0,-1.0,-1.0,-1.0
888.0,910.0,888.0,910.0,888.0,910.0,-1.0,-1.0,0.0,0.0
884.0,922.0,884.0,922.0,884.0,922.0,-1.0,-1.0,0.0,0.0
856.0,1003.0,856.0,1003.0,856.0,1003.0,3.71,3.71,0.0,0.0
-1.0,-1.0,-1.0,-1.0,-1.0,-1.0,-1.0,-1.0,-1.0,-1.0
952.0,941.0,952.0,941.0,952.0,941.0,-1.0,-1.0,0.0,0.0
-1.0,-1.0,-1.0,-1.0,-1.0,-1.0,-1.0,-1.0,-1.0,-1.0
-1.0,-1.0,-1.0,-1.0,-1.0,-1.0,-1.0,-1.0,-1.0,-1.0
928.0,929.0,928.0,929.0,928.0,929.0,-1.0,-1.0,0.0,0.0
-1.0,-1.0,-1.0,-1.0,-1.0,-1.0,-1.0,-1.0,-1.0,-1.0
-1.0,-1.0,-1.0,-1.0,-1.0,-1.0,-1.0,-1.0,-1.0,-1.0
886.0,938.0,886.0,938.0,886.0,938.0,-1.0,-1.0,0.0,0.0
-1.0,-1.0,-1.0,-1.0,-1.0,-1.0,-1.0,-1.0,-1.0,-1.0
-1.0,-1.0,-1.0,-1.0,-1.0,-1.0,-1.0,-1.0,-1.0,-1.0
917.0,951.0,917.0,951.0,917.0,951.0,-1.0,-1.0,0.0,0.0
-1.0,-1.0,-1.0,-1.0,-1.0,-1.0,-1.0,-1.0,-1.0,-1.0
583.0,741.0,583.0,741.0,583.0,741.0,-1.0,-1.0,0.0,0.0
864.0,946.0,864.0,946.0,864.0,946.0,-1.0,-1.0,0.0,0.0
-1.0,-1.0,-1.0,-1.0,-1.0,-1.0,-1.0,-1.0,-1.0,-1.0
-1.0,-1.0,-1.0,-1.0,-1.0,-1.0,-1.0,-1.0,-1.0,-1.0
947.0,903.0,947.0,903.0,947.0,903.0,-1.0,-1.0,0.0,0.0
-1.0,-1.0,-1.0,-1.0,-1.0,-1.0,-1.0,-1.0,-1.0,-1.0
-1.0,-1.0,-1.0,-1.0,-1.0,-1.0,-1.0,-1.0,-1.0,-1.0
852.0,987.0,852.0,987.0,852.0,987.0,-1.0,-1.0,0.0,0.0
-1.0,-1.0,-1.0,-1.0,-1.0,-1.0,-1.0,-1.0,-1.0,-1.0
-1.0,-1.0,-1.0,-1.0,-1.0,-1.0,-1.0,-1.0,-1.0,-1.0
939.0,909.0,939.0,909.0,939.0,909.0,-1.0,-1.0,0.0,0.0
-1.0,-1.0,-1.0,-1.0,-1.0,-1.0,-1.0,-1.0,-1.0,-1.0
-1.0,-1.0,-1.0,-1.0,-1.0,-1.0,-1.0,-1.0,-1.0,-1.0
843.0,962.0,843.0,962.0,843.0,962.0,-1.0,-1.0,0.0,0.0
-1.0,-1.0,-1.0,-1.0,-1.0,-1.0,-1.0,-1.0,-1.0,-1.0
-1.0,-1.0,-1.0,-1.0,-1.0,-1.0,-1.0,-1.0,-1.0,-1.0
-1.0,-1.0,-1.0,-1.0,-1.0,-1.0,-1.0,-1.0,-1.0,-1.0
-1.0,-1.0,-1.0,-1.0,-1.0,-1.0,-1.0,-1.0,-1.0,-1.0
-1.0,-1.0,-1.0,-1.0,-1.0,-1.0,-1.0,-1.0,-1.0,-1.0
915.0,923.0,915.0,923.0,915.0,923.0,-1.0,-1.0,0.0,0.0
-1.0,-1.0,-1.0,-1.0,-1.0,-1.0,-1.0,-1.0,-1.0,-1.0
-1.0,-1.0,-1.0,-1.0,-1.0,-1.0,-1.0,-1.0,-1.0,-1.0
834.0,954.0,834.0,954.0,834.0,954.0,-1.0,-1.0,0.0,0.0
-1.0,-1.0,-1.0,-1.0,-1.0,-1.0,-1.0,-1.0,-1.0,-1.0
-1.0,-1.0,-1.0,-1.0,-1.0,-1.0,-1.0,-1.0,-1.0,-1.0
-1.0,-1.0,-1.0,-1.0,-1.0,-1.0,-1.0,-1.0,-1.0,-1.0
-1.0,-1.0,-1.0,-1.0,-1.0,-1.0,-1.0,-1.0,-1.0,-1.0
-1.0,-1.0,-1.0,-1.0,-1.0,-1.0,-1.0,-1.0,-1.0,-1.0
1028.0,907.0,1129.0,871.0,1078.0,889.0,-1.0,-1.0,0.0,0.0
-1.0,-1.0,-1.0,-1.0,-1.0,-1.0,-1.0,-1.0,-1.0,-1.0
-1.0,-1.0,-1.0,-1.0,-1.0,-1.0,-1.0,-1.0,-1.0,-1.0
1122.0,874.0,1132.0,913.0,1127.0,893.0,-1.0,-1.0,0.0,0.0
-1.0,-1.0,-1.0,-1.0,-1.0,-1.0,-1.0,-1.0,-1.0,-1.0
-1.0,-1.0,-1.0,-1.0,-1.0,-1.0,-1.0,-1.0,-1.0,-1.0
1092.0,915.0,1134.0,861.0,1113.0,888.0,-1.0,-1.0,0.0,0.0
-1.0,-1.0,-1.0,-1.0,-1.0,-1.0,-1.0,-1.0,-1.0,-1.0
-1.0,-1.0,-1.0,-1.0,-1.0,-1.0,-1.0,-1.0,-1.0,-1.0
1122.0,912.0,1122.0,912.0,1122.0,912.0,-1.0,-1.0,0.0,0.0
826.0,1055.0,826.0,1055.0,826.0,1055.0,3.36,3.36,0.0,0.0
-1.0,-1.0,-1.0,-1.0,-1.0,-1.0,-1.0,-1.0,-1.0,-1.0
832.0,1029.0,832.0,1029.0,832.0,1029.0,-1.0,-1.0,0.0,0.0
602.0,1164.0,602.0,1164.0,602.0,1164.0,3.24,3.24,0.0,0.0
-1.0,-1.0,-1.0,-1.0,-1.0,-1.0,-1.0,-1.0,-1.0,-1.0
615.0,1167.0,615.0,1167.0,615.0,1167.0,-1.0,-1.0,0.0,0.0
-1.0,-1.0,-1.0,-1.0,-1.0,-1.0,-1.0,-1.0,-1.0,-1.0
-1.0,-1.0,-1.0,-1.0,-1.0,-1.0,-1.0,-1.0,-1.0,-1.0
585.0,1169.0,1211.0,869.0,898.0,1019.0,-1.0,-1.0,0.0,0.0
-1.0,-1.0,-1.0,-1.0,-1.0,-1.0,-1.0,-1.0,-1.0,-1.0
-1.0,-1.0,-1.0,-1.0,-1.0,-1.0,-1.0,-1.0,-1.0,-1.0
1109.0,878.0,1086.0,898.0,1097.0,888.0,-1.0,-1.0,0.0,0.0
-1.0,-1.0,-1.0,-1.0,-1.0,-1.0,-1.0,-1.0,-1.0,-1.0
713.0,579.0,713.0,579.0,713.0,579.0,-1.0,-1.0,0.0,0.0
1171.0,830.0,736.0,570.0,953.0,700.0,-1.0,-1.0,0.0,0.0
-1.0,-1.0,-1.0,-1.0,-1.0,-1.0,-1.0,-1.0,-1.0,-1.0
-1.0,-1.0,-1.0,-1.0,-1.0,-1.0,-1.0,-1.0,-1.0,-1.0
1185.0,845.0,1185.0,845.0,1185.0,845.0,-1.0,-1.0,0.0,0.0
-1.0,-1.0,-1.0,-1.0,-1.0,-1.0,-1.0,-1.0,-1.0,-1.0
-1.0,-1.0,-1.0,-1.0,-1.0,-1.0,-1.0,-1.0,-1.0,-1.0
1128.0,849.0,1128.0,849.0,1128.0,849.0,-1.0,-1.0,0.0,0.0
-1.0,-1.0,-1.0,-1.0,-1.0,-1.0,-1.0,-1.0,-1.0,-1.0
-1.0,-1.0,-1.0,-1.0,-1.0,-1.0,-1.0,-1.0,-1.0,-1.0
1118.0,879.0,1118.0,879.0,1118.0,879.0,-1.0,-1.0,0.0,0.0
-1.0,-1.0,-1.0,-1.0,-1.0,-1.0,-1.0,-1.0,-1.0,-1.0
-1.0,-1.0,-1.0,-1.0,-1.0,-1.0,-1.0,-1.0,-1.0,-1.0
1131.0,886.0,1131.0,886.0,1131.0,886.0,-1.0,-1.0,0.0,0.0
-1.0,-1.0,-1.0,-1.0,-1.0,-1.0,-1.0,-1.0,-1.0,-1.0
-1.0,-1.0,-1.0,-1.0,-1.0,-1.0,-1.0,-1.0,-1.0,-1.0
1100.0,846.0,1100.0,846.0,1100.0,846.0,-1.0,-1.0,0.0,0.0
-1.0,-1.0,-1.0,-1.0,-1.0,-1.0,-1.0,-1.0,-1.0,-1.0
735.0,605.0,735.0,605.0,735.0,605.0,-1.0,-1.0,0.0,0.0
798.0,617.0,798.0,617.0,798.0,617.0,-1.0,-1.0,0.0,0.0
-1.0,-1.0,-1.0,-1.0,-1.0,-1.0,-1.0,-1.0,-1.0,-1.0
-1.0,-1.0,-1.0,-1.0,-1.0,-1.0,-1.0,-1.0,-1.0,-1.0
848.0,623.0,848.0,623.0,848.0,623.0,-1.0,-1.0,0.0,0.0
864.0,872.0,864.0,872.0,864.0,872.0,3.68,3.68,0.0,0.0
-1.0,-1.0,-1.0,-1.0,-1.0,-1.0,-1.0,-1.0,-1.0,-1.0
1102.0,1113.0,1102.0,1113.0,1102.0,1113.0,-1.0,-1.0,0.0,0.0
-1.0,-1.0,-1.0,-1.0,-1.0,-1.0,-1.0,-1.0,-1.0,-1.0
-1.0,-1.0,-1.0,-1.0,-1.0,-1.0,-1.0,-1.0,-1.0,-1.0
1096.0,1125.0,1096.0,1125.0,1096.0,1125.0,-1.0,-1.0,0.0,0.0
-1.0,-1.0,-1.0,-1.0,-1.0,-1.0,-1.0,-1.0,-1.0,-1.0
-1.0,-1.0,-1.0,-1.0,-1.0,-1.0,-1.0,-1.0,-1.0,-1.0
1227.0,874.0,1170.0,908.0,1198.0,891.0,-1.0,-1.0,0.0,0.0
-1.0,-1.0,-1.0,-1.0,-1.0,-1.0,-1.0,-1.0,-1.0,-1.0
1321.0,1079.0,1321.0,1079.0,1321.0,1079.0,-1.0,-1.0,0.0,0.0
1346.0,1084.0,1289.0,877.0,1317.0,980.0,-1.0,-1.0,0.0,0.0
-1.0,-1.0,-1.0,-1.0,-1.0,-1.0,-1.0,-1.0,-1.0,-1.0
-1.0,-1.0,-1.0,-1.0,-1.0,-1.0,-1.0,-1.0,-1.0,-1.0
1381.0,1064.0,1381.0,1064.0,1381.0,1064.0,-1.0,-1.0,0.0,0.0
-1.0,-1.0,-1.0,-1.0,-1.0,-1.0,-1.0,-1.0,-1.0,-1.0
-1.0,-1.0,-1.0,-1.0,-1.0,-1.0,-1.0,-1.0,-1.0,-1.0
1290.0,862.0,1290.0,862.0,1290.0,862.0,-1.0,-1.0,0.0,0.0
-1.0,-1.0,-1.0,-1.0,-1.0,-1.0,-1.0,-1.0,-1.0,-1.0
-1.0,-1.0,-1.0,-1.0,-1.0,-1.0,-1.0,-1.0,-1.0,-1.0
1342.0,855.0,1237.0,912.0,1289.0,883.0,-1.0,-1.0,0.0,0.0
-1.0,-1.0,-1.0,-1.0,-1.0,-1.0,-1.0,-1.0,-1.0,-1.0
1362.0,832.0,1362.0,832.0,1362.0,832.0,-1.0,-1.0,0.0,0.0
1610.0,568.0,1610.0,568.0,1610.0,568.0,-1.0,-1.0,0.0,0.0
-1.0,-1.0,-1.0,-1.0,-1.0,-1.0,-1.0,-1.0,-1.0,-1.0
-1.0,-1.0,-1.0,-1.0,-1.0,-1.0,-1.0,-1.0,-1.0,-1.0
1573.0,558.0,1573.0,558.0,1573.0,558.0,-1.0,-1.0,0.0,0.0
-1.0,-1.0,-1.0,-1.0,-1.0,-1.0,-1.0,-1.0,-1.0,-1.0
-1.0,-1.0,-1.0,-1.0,-1.0,-1.0,-1.0,-1.0,-1.0,-1.0
1315.0,848.0,1275.0,882.0,1295.0,865.0,-1.0,-1.0,0.0,0.0
-1.0,-1.0,-1.0,-1.0,-1.0,-1.0,-1.0,-1.0,-1.0,-1.0
-1.0,-1.0,-1.0,-1.0,-1.0,-1.0,-1.0,-1.0,-1.0,-1.0
1326.0,833.0,1326.0,833.0,1326.0,833.0,-1.0,-1.0,0.0,0.0
-1.0,-1.0,-1.0,-1.0,-1.0,-1.0,-1.0,-1.0,-1.0,-1.0
-1.0,-1.0,-1.0,-1.0,-1.0,-1.0,-1.0,-1.0,-1.0,-1.0
1304.0,816.0,1266.0,911.0,1285.0,863.0,-1.0,-1.0,0.0,0.0
-1.0,-1.0,-1.0,-1.0,-1.0,-1.0,-1.0,-1.0,-1.0,-1.0
-1.0,-1.0,-1.0,-1.0,-1.0,-1.0,-1.0,-1.0,-1.0,-1.0
1353.0,866.0,1353.0,866.0,1353.0,866.0,-1.0,-1.0,0.0,0.0
-1.0,-1.0,-1.0,-1.0,-1.0,-1.0,-1.0,-1.0,-1.0,-1.0
-1.0,-1.0,-1.0,-1.0,-1.0,-1.0,-1.0,-1.0,-1.0,-1.0
1221.0,922.0,1221.0,922.0,1221.0,922.0,-1.0,-1.0,0.0,0.0
-1.0,-1.0,-1.0,-1.0,-1.0,-1.0,-1.0,-1.0,-1.0,-1.0
-1.0,-1.0,-1.0,-1.0,-1.0,-1.0,-1.0,-1.0,-1.0,-1.0
1236.0,870.0,1183.0,898.0,1209.0,884.0,-1.0,-1.0,0.0,0.0
-1.0,-1.0,-1.0,-1.0,-1.0,-1.0,-1.0,-1.0,-1.0,-1.0
-1.0,-1.0,-1.0,-1.0,-1.0,-1.0,-1.0,-1.0,-1.0,-1.0
1214.0,877.0,1214.0,877.0,1214.0,877.0,-1.0,-1.0,0.0,0.0
-1.0,-1.0,-1.0,-1.0,-1.0,-1.0,-1.0,-1.0,-1.0,-1.0
1363.0,757.0,1363.0,757.0,1363.0,757.0,-1.0,-1.0,0.0,0.0
1353.0,766.0,1353.0,766.0,1353.0,766.0,-1.0,-1.0,0.0,0.0
-1.0,-1.0,-1.0,-1.0,-1.0,-1.0,-1.0,-1.0,-1.0,-1.0
-1.0,-1.0,-1.0,-1.0,-1.0,-1.0,-1.0,-1.0,-1.0,-1.0
1349.0,762.0,1349.0,762.0,1349.0,762.0,-1.0,-1.0,0.0,0.0
-1.0,-1.0,-1.0,-1.0,-1.0,-1.0,-1.0,-1.0,-1.0,-1.0
-1.0,-1.0,-1.0,-1.0,-1.0,-1.0,-1.0,-1.0,-1.0,-1.0
1177.0,915.0,1177.0,915.0,1177.0,915.0,-1.0,-1.0,0.0,0.0
-1.0,-1.0,-1.0,-1.0,-1.0,-1.0,-1.0,-1.0,-1.0,-1.0
-1.0,-1.0,-1.0,-1.0,-1.0,-1.0,-1.0,-1.0,-1.0,-1.0
1186.0,873.0,1186.0,873.0,1186.0,873.0,-1.0,-1.0,0.0,0.0
-1.0,-1.0,-1.0,-1.0,-1.0,-1.0,-1.0,-1.0,-1.0,-1.0
1242.0,653.0,1242.0,653.0,1242.0,653.0,-1.0,-1.0,0.0,0.0
1249.0,659.0,1249.0,659.0,1249.0,659.0,-1.0,-1.0,0.0,0.0
-1.0,-1.0,-1.0,-1.0,-1.0,-1.0,-1.0,-1.0,-1.0,-1.0
-1.0,-1.0,-1.0,-1.0,-1.0,-1.0,-1.0,-1.0,-1.0,-1.0
1252.0,666.0,1252.0,666.0,1252.0,666.0,-1.0,-1.0,0.0,0.0
-1.0,-1.0,-1.0,-1.0,-1.0,-1.0,-1.0,-1.0,-1.0,-1.0
-1.0,-1.0,-1.0,-1.0,-1.0,-1.0,-1.0,-1.0,-1.0,-1.0
1199.0,856.0,1135.0,927.0,1167.0,891.0,-1.0,-1.0,0.0,0.0
-1.0,-1.0,-1.0,-1.0,-1.0,-1.0,-1.0,-1.0,-1.0,-1.0
-1.0,-1.0,-1.0,-1.0,-1.0,-1.0,-1.0,-1.0,-1.0,-1.0
1233.0,880.0,1204.0,863.0,1218.0,871.0,-1.0,-1.0,0.0,0.0
-1.0,-1.0,-1.0,-1.0,-1.0,-1.0,-1.0,-1.0,-1.0,-1.0
-1.0,-1.0,-1.0,-1.0,-1.0,-1.0,-1.0,-1.0,-1.0,-1.0
1336.0,871.0,1280.0,899.0,1308.0,885.0,-1.0,-1.0,0.0,0.0
-1.0,-1.0,-1.0,-1.0,-1.0,-1.0,-1.0,-1.0,-1.0,-1.0
-1.0,-1.0,-1.0,-1.0,-1.0,-1.0,-1.0,-1.0,-1.0,-1.0
1300.0,864.0,1265.0,870.0,1282.0,867.0,-1.0,-1.0,0.0,0.0
-1.0,-1.0,-1.0,-1.0,-1.0,-1.0,-1.0,-1.0,-1.0,-1.0
-1.0,-1.0,-1.0,-1.0,-1.0,-1.0,-1.0,-1.0,-1.0,-1.0
1285.0,864.0,1288.0,896.0,1286.0,880.0,-1.0,-1.0,0.0,0.0
-1.0,-1.0,-1.0,-1.0,-1.0,-1.0,-1.0,-1.0,-1.0,-1.0
-1.0,-1.0,-1.0,-1.0,-1.0,-1.0,-1.0,-1.0,-1.0,-1.0
1311.0,884.0,1311.0,884.0,1311.0,884.0,-1.0,-1.0,0.0,0.0
-1.0,-1.0,-1.0,-1.0,-1.0,-1.0,-1.0,-1.0,-1.0,-1.0
-1.0,-1.0,-1.0,-1.0,-1.0,-1.0,-1.0,-1.0,-1.0,-1.0
1318.0,877.0,1278.0,890.0,1298.0,883.0,-1.0,-1.0,0.0,0.0
-1.0,-1.0,-1.0,-1.0,-1.0,-1.0,-1.0,-1.0,-1.0,-1.0
-1.0,-1.0,-1.0,-1.0,-1.0,-1.0,-1.0,-1.0,-1.0,-1.0
1301.0,906.0,1301.0,906.0,1301.0,906.0,-1.0,-1.0,0.0,0.0
-1.0,-1.0,-1.0,-1.0,-1.0,-1.0,-1.0,-1.0,-1.0,-1.0
-1.0,-1.0,-1.0,-1.0,-1.0,-1.0,-1.0,-1.0,-1.0,-1.0
1414.0,850.0,1414.0,850.0,1414.0,850.0,-1.0,-1.0,0.0,0.0
-1.0,-1.0,-1.0,-1.0,-1.0,-1.0,-1.0,-1.0,-1.0,-1.0
-1.0,-1.0,-1.0,-1.0,-1.0,-1.0,-1.0,-1.0,-1.0,-1.0
1385.0,861.0,1311.0,905.0,1348.0,883.0,-1.0,-1.0,0.0,0.0
-1.0,-1.0,-1.0,-1.0,-1.0,-1.0,-1.0,-1.0,-1.0,-1.0
-1.0,-1.0,-1.0,-1.0,-1.0,-1.0,-1.0,-1.0,-1.0,-1.0
1189.0,907.0,1145.0,926.0,1167.0,916.0,-1.0,-1.0,0.0,0.0
-1.0,-1.0,-1.0,-1.0,-1.0,-1.0,-1.0,-1.0,-1.0,-1.0
-1.0,-1.0,-1.0,-1.0,-1.0,-1.0,-1.0,-1.0,-1.0,-1.0
1349.0,880.0,1222.0,934.0,1285.0,907.0,-1.0,-1.0,0.0,0.0
-1.0,-1.0,-1.0,-1.0,-1.0,-1.0,-1.0,-1.0,-1.0,-1.0
-1.0,-1.0,-1.0,-1.0,-1.0,-1.0,-1.0,-1.0,-1.0,-1.0
1312.0,874.0,1312.0,874.0,1312.0,874.0,-1.0,-1.0,0.0,0.0
-1.0,-1.0,-1.0,-1.0,-1.0,-1.0,-1.0,-1.0,-1.0,-1.0
-1.0,-1.0,-1.0,-1.0,-1.0,-1.0,-1.0,-1.0,-1.0,-1.0
1304.0,916.0,1257.0,931.0,1280.0,923.0,-1.0,-1.0,0.0,0.0
-1.0,-1.0,-1.0,-1.0,-1.0,-1.0,-1.0,-1.0,-1.0,-1.0
-1.0,-1.0,-1.0,-1.0,-1.0,-1.0,-1.0,-1.0,-1.0,-1.0
1413.0,910.0,1302.0,916.0,1357.0,913.0,-1.0,-1.0,0.0,0.0
-1.0,-1.0,-1.0,-1.0,-1.0,-1.0,-1.0,-1.0,-1.0,-1.0
-1.0,-1.0,-1.0,-1.0,-1.0,-1.0,-1.0,-1.0,-1.0,-1.0
1440.0,890.0,1327.0,899.0,1383.0,894.0,-1.0,-1.0,0.0,0.0
-1.0,-1.0,-1.0,-1.0,-1.0,-1.0,-1.0,-1.0,-1.0,-1.0
-1.0,-1.0,-1.0,-1.0,-1.0,-1.0,-1.0,-1.0,-1.0,-1.0
1466.0,872.0,1330.0,899.0,1398.0,885.0,-1.0,-1.0,0.0,0.0
-1.0,-1.0,-1.0,-1.0,-1.0,-1.0,-1.0,-1.0,-1.0,-1.0
-1.0,-1.0,-1.0,-1.0,-1.0,-1.0,-1.0,-1.0,-1.0,-1.0
1436.0,892.0,1352.0,903.0,1394.0,897.0,-1.0,-1.0,0.0,0.0
-1.0,-1.0,-1.0,-1.0,-1.0,-1.0,-1.0,-1.0,-1.0,-1.0
660.0,716.0,660.0,716.0,660.0,716.0,-1.0,-1.0,0.0,0.0
671.0,706.0,1328.0,924.0,999.0,815.0,-1.0,-1.0,0.0,0.0
-1.0,-1.0,-1.0,-1.0,-1.0,-1.0,-1.0,-1.0,-1.0,-1.0
-1.0,-1.0,-1.0,-1.0,-1.0,-1.0,-1.0,-1.0,-1.0,-1.0
674.0,704.0,1332.0,906.0,1003.0,805.0,-1.0,-1.0,0.0,0.0
-1.0,-1.0,-1.0,-1.0,-1.0,-1.0,-1.0,-1.0,-1.0,-1.0
-1.0,-1.0,-1.0,-1.0,-1.0,-1.0,-1.0,-1.0,-1.0,-1.0
1416.0,883.0,1322.0,898.0,1369.0,890.0,-1.0,-1.0,0.0,0.0
568.0,1175.0,568.0,1175.0,568.0,1175.0,4.03,4.03,0.0,0.0
-1.0,-1.0,-1.0,-1.0,-1.0,-1.0,-1.0,-1.0,-1.0,-1.0
580.0,1174.0,580.0,1174.0,580.0,1174.0,-1.0,-1.0,0.0,0.0
-1.0,-1.0,-1.0,-1.0,-1.0,-1.0,-1.0,-1.0,-1.0,-1.0
-1.0,-1.0,-1.0,-1.0,-1.0,-1.0,-1.0,-1.0,-1.0,-1.0
596.0,1175.0,1333.0,915.0,964.0,1045.0,-1.0,-1.0,0.0,0.0
-1.0,-1.0,-1.0,-1.0,-1.0,-1.0,-1.0,-1.0,-1.0,-1.0
1420.0,800.0,1420.0,800.0,1420.0,800.0,-1.0,-1.0,0.0,0.0
1462.0,856.0,1425.0,801.0,1443.0,828.0,-1.0,-1.0,0.0,0.0
1351.0,870.0,1351.0,870.0,1351.0,870.0,2.15,2.15,0.0,0.0
-1.0,-1.0,-1.0,-1.0,-1.0,-1.0,-1.0,-1.0,-1.0,-1.0
1555.0,878.0,1363.0,870.0,1459.0,874.0,-1.0,-1.0,0.0,0.0
-1.0,-1.0,-1.0,-1.0,-1.0,-1.0,-1.0,-1.0,-1.0,-1.0
1380.0,925.0,1380.0,925.0,1380.0,925.0,-1.0,-1.0,0.0,0.0
1567.0,869.0,1347.0,948.0,1457.0,908.0,-1.0,-1.0,0.0,0.0
1419.0,918.0,1419.0,918.0,1419.0,918.0,2.41,2.41,0.0,0.0
1461.0,899.0,1461.0,899.0,1461.0,899.0,-1.0,-1.0,0.0,0.0
1574.0,874.0,1468.0,899.0,1521.0,886.0,-1.0,-1.0,0.0,0.0
-1.0,-1.0,-1.0,-1.0,-1.0,-1.0,-1.0,-1.0,-1.0,-1.0
1386.0,931.0,1386.0,931.0,1386.0,931.0,-1.0,-1.0,0.0,0.0
1535.0,867.0,1389.0,933.0,1462.0,900.0,-1.0,-1.0,0.0,0.0
-1.0,-1.0,-1.0,-1.0,-1.0,-1.0,-1.0,-1.0,-1.0,-1.0
1469.0,897.0,1469.0,897.0,1469.0,897.0,-1.0,-1.0,0.0,0.0
1518.0,880.0,1467.0,893.0,1492.0,886.0,-1.0,-1.0,0.0,0.0
-1.0,-1.0,-1.0,-1.0,-1.0,-1.0,-1.0,-1.0,-1.0,-1.0
1023.0,790.0,1444.0,914.0,1233.0,852.0,-1.0,-1.0,0.0,0.0
1012.0,784.0,1455.0,925.0,1233.0,854.0,-1.0,-1.0,0.0,0.0
854.0,884.0,854.0,884.0,854.0,884.0,2.92,2.92,0.0,0.0
-1.0,-1.0,-1.0,-1.0,-1.0,-1.0,-1.0,-1.0,-1.0,-1.0
851.0,898.0,1440.0,911.0,1145.0,904.0,-1.0,-1.0,0.0,0.0
-1.0,-1.0,-1.0,-1.0,-1.0,-1.0,-1.0,-1.0,-1.0,-1.0
1453.0,909.0,1453.0,909.0,1453.0,909.0,-1.0,-1.0,0.0,0.0
1009.0,995.0,1439.0,913.0,1224.0,954.0,-1.0,-1.0,0.0,0.0
1439.0,913.0,1439.0,913.0,1439.0,913.0,2.34,2.34,0.0,0.0
1456.0,902.0,1456.0,902.0,1456.0,902.0,-1.0,-1.0,0.0,0.0
1517.0,899.0,1466.0,893.0,1491.0,896.0,-1.0,-1.0,0.0,0.0
-1.0,-1.0,-1.0,-1.0,-1.0,-1.0,-1.0,-1.0,-1.0,-1.0
-1.0,-1.0,-1.0,-1.0,-1.0,-1.0,-1.0,-1.0,-1.0,-1.0
1518.0,901.0,1459.0,920.0,1488.0,910.0,-1.0,-1.0,0.0,0.0
1459.0,920.0,1459.0,920.0,1459.0,920.0,2.5,2.5,0.0,0.0
-1.0,-1.0,-1.0,-1.0,-1.0,-1.0,-1.0,-1.0,-1.0,-1.0
1486.0,889.0,1455.0,901.0,1470.0,895.0,-1.0,-1.0,0.0,0.0
-1.0,-1.0,-1.0,-1.0,-1.0,-1.0,-1.0,-1.0,-1.0,-1.0
1455.0,901.0,1455.0,901.0,1455.0,901.0,-1.0,-1.0,0.0,0.0
1515.0,911.0,1450.0,921.0,1482.0,916.0,-1.0,-1.0,0.0,0.0
-1.0,-1.0,-1.0,-1.0,-1.0,-1.0,-1.0,-1.0,-1.0,-1.0
1439.0,928.0,1439.0,928.0,1439.0,928.0,-1.0,-1.0,0.0,0.0
1528.0,892.0,1455.0,928.0,1491.0,910.0,-1.0,-1.0,0.0,0.0
1333.0,968.0,1333.0,968.0,1333.0,968.0,2.57,2.57,0.0,0.0
1360.0,938.0,1360.0,938.0,1360.0,938.0,-1.0,-1.0,0.0,0.0
1537.0,886.0,1348.0,935.0,1442.0,910.0,-1.0,-1.0,0.0,0.0
-1.0,-1.0,-1.0,-1.0,-1.0,-1.0,-1.0,-1.0,-1.0,-1.0
1347.0,938.0,1347.0,938.0,1347.0,938.0,-1.0,-1.0,0.0,0.0
1517.0,900.0,1337.0,935.0,1427.0,917.0,-1.0,-1.0,0.0,0.0
-1.0,-1.0,-1.0,-1.0,-1.0,-1.0,-1.0,-1.0,-1.0,-1.0
1423.0,909.0,1423.0,909.0,1423.0,909.0,-1.0,-1.0,0.0,0.0
1510.0,906.0,1430.0,912.0,1470.0,909.0,-1.0,-1.0,0.0,0.0
763.0,795.0,1382.0,948.0,1072.0,871.0,2.73,2.2,0.0,0.0
1413.0,935.0,1413.0,935.0,1413.0,935.0,-1.0,-1.0,0.0,0.0
754.0,788.0,1413.0,938.0,1083.0,863.0,-1.0,-1.0,0.0,0.0
-1.0,-1.0,-1.0,-1.0,-1.0,-1.0,-1.0,-1.0,-1.0,-1.0
-1.0,-1.0,-1.0,-1.0,-1.0,-1.0,-1.0,-1.0,-1.0,-1.0
756.0,795.0,1422.0,939.0,1089.0,867.0,-1.0,-1.0,0.0,0.0
-1.0,-1.0,-1.0,-1.0,-1.0,-1.0,-1.0,-1.0,-1.0,-1.0
1468.0,906.0,1468.0,906.0,1468.0,906.0,-1.0,-1.0,0.0,0.0
1504.0,913.0,1458.0,902.0,1481.0,907.0,-1.0,-1.0,0.0,0.0
1437.0,920.0,1437.0,920.0,1437.0,920.0,1.96,1.96,0.0,0.0
1443.0,916.0,1443.0,916.0,1443.0,916.0,-1.0,-1.0,0.0,0.0
1513.0,879.0,1431.0,919.0,1472.0,899.0,-1.0,-1.0,0.0,0.0
-1.0,-1.0,-1.0,-1.0,-1.0,-1.0,-1.0,-1.0,-1.0,-1.0
1456.0,913.0,1456.0,913.0,1456.0,913.0,-1.0,-1.0,0.0,0.0
1495.0,889.0,1452.0,922.0,1473.0,905.0,-1.0,-1.0,0.0,0.0
1458.0,918.0,1458.0,918.0,1458.0,918.0,2.0,2.0,0.0,0.0
-1.0,-1.0,-1.0,-1.0,-1.0,-1.0,-1.0,-1.0,-1.0,-1.0
1494.0,909.0,1458.0,914.0,1476.0,911.0,-1.0,-1.0,0.0,0.0
-1.0,-1.0,-1.0,-1.0,-1.0,-1.0,-1.0,-1.0,-1.0,-1.0
-1.0,-1.0,-1.0,-1.0,-1.0,-1.0,-1.0,-1.0,-1.0,-1.0
1516.0,888.0,1445.0,916.0,1480.0,902.0,-1.0,-1.0,0.0,0.0
1450.0,911.0,1450.0,911.0,1450.0,911.0,1.83,1.83,0.0,0.0
1029.0,644.0,1450.0,911.0,1239.0,777.0,-1.0,-1.0,0.0,0.0
1013.0,661.0,1452.0,900.0,1232.0,780.0,-1.0,-1.0,0.0,0.0
1421.0,924.0,1421.0,924.0,1421.0,924.0,1.98,1.98,0.0,0.0
1453.0,898.0,1453.0,898.0,1453.0,898.0,-1.0,-1.0,0.0,0.0
1016.0,645.0,1426.0,917.0,1221.0,781.0,-1.0,-1.0,0.0,0.0
-1.0,-1.0,-1.0,-1.0,-1.0,-1.0,-1.0,-1.0,-1.0,-1.0
1435.0,922.0,1435.0,922.0,1435.0,922.0,-1.0,-1.0,0.0,0.0
1568.0,905.0,1541.0,915.0,1554.0,910.0,-1.0,-1.0,0.0,0.0
-1.0,-1.0,-1.0,-1.0,-1.0,-1.0,-1.0,-1.0,-1.0,-1.0
1627.0,856.0,1560.0,912.0,1593.0,884.0,-1.0,-1.0,0.0,0.0
1631.0,860.0,1601.0,890.0,1616.0,875.0,-1.0,-1.0,0.0,0.0
-1.0,-1.0,-1.0,-1.0,-1.0,-1.0,-1.0,-1.0,-1.0,-1.0
1587.0,909.0,1587.0,909.0,1587.0,909.0,-1.0,-1.0,0.0,0.0
1633.0,860.0,1576.0,915.0,1604.0,887.0,-1.0,-1.0,0.0,0.0
-1.0,-1.0,-1.0,-1.0,-1.0,-1.0,-1.0,-1.0,-1.0,-1.0
1595.0,901.0,1585.0,907.0,1590.0,904.0,-1.0,-1.0,0.0,0.0
1602.0,897.0,1583.0,910.0,1592.0,903.0,-1.0,-1.0,0.0,0.0
-1.0,-1.0,-1.0,-1.0,-1.0,-1.0,-1.0,-1.0,-1.0,-1.0
1568.0,860.0,1523.0,917.0,1545.0,888.0,-1.0,-1.0,0.0,0.0
1565.0,838.0,1529.0,902.0,1547.0,870.0,-1.0,-1.0,0.0,0.0
1461.0,906.0,1461.0,906.0,1461.0,906.0,2.36,2.36,0.0,0.0
1582.0,881.0,1493.0,901.0,1537.0,891.0,-1.0,-1.0,0.0,0.0
1581.0,883.0,1573.0,909.0,1577.0,896.0,-1.0,-1.0,0.0,0.0
-1.0,-1.0,-1.0,-1.0,-1.0,-1.0,-1.0,-1.0,-1.0,-1.0
1599.0,881.0,1547.0,926.0,1573.0,903.0,-1.0,-1.0,0.0,0.0
1607.0,920.0,1555.0,928.0,1581.0,924.0,-1.0,-1.0,0.0,0.0
-1.0,-1.0,-1.0,-1.0,-1.0,-1.0,-1.0,-1.0,-1.0,-1.0
1604.0,922.0,1575.0,917.0,1589.0,919.0,-1.0,-1.0,0.0,0.0
1575.0,913.0,1568.0,913.0,1571.0,913.0,-1.0,-1.0,0.0,0.0
-1.0,-1.0,-1.0,-1.0,-1.0,-1.0,-1.0,-1.0,-1.0,-1.0
1565.0,917.0,1584.0,907.0,1574.0,912.0,-1.0,-1.0,0.0,0.0
1594.0,893.0,1569.0,898.0,1581.0,895.0,-1.0,-1.0,0.0,0.0
1569.0,898.0,1569.0,898.0,1569.0,898.0,2.64,2.64,0.0,0.0
1593.0,890.0,1580.0,891.0,1586.0,890.0,-1.0,-1.0,0.0,0.0
1585.0,912.0,1597.0,902.0,1591.0,907.0,-1.0,-1.0,0.0,0.0
1597.0,902.0,1597.0,902.0,1597.0,902.0,2.22,2.22,0.0,0.0
1588.0,916.0,1543.0,931.0,1565.0,923.0,-1.0,-1.0,0.0,0.0
1576.0,924.0,1563.0,925.0,1569.0,924.0,-1.0,-1.0,0.0,0.0
-1.0,-1.0,-1.0,-1.0,-1.0,-1.0,-1.0,-1.0,-1.0,-1.0
1585.0,916.0,1634.0,888.0,1609.0,902.0,-1.0,-1.0,0.0,0.0
1600.0,909.0,1586.0,887.0,1593.0,898.0,-1.0,-1.0,0.0,0.0
1609.0,895.0,1609.0,895.0,1609.0,895.0,1.84,1.84,0.0,0.0
1600.0,909.0,1611.0,890.0,1605.0,899.0,-1.0,-1.0,0.0,0.0
1606.0,890.0,1601.0,899.0,1603.0,894.0,-1.0,-1.0,0.0,0.0
-1.0,-1.0,-1.0,-1.0,-1.0,-1.0,-1.0,-1.0,-1.0,-1.0
1562.0,917.0,1562.0,917.0,1562.0,917.0,-1.0,-1.0,0.0,0.0
1659.0,861.0,1576.0,917.0,1617.0,889.0,-1.0,-1.0,0.0,0.0
-1.0,-1.0,-1.0,-1.0,-1.0,-1.0,-1.0,-1.0,-1.0,-1.0
1631.0,841.0,1583.0,900.0,1607.0,870.0,-1.0,-1.0,0.0,0.0
1633.0,852.0,1588.0,887.0,1610.0,869.0,-1.0,-1.0,0.0,0.0
-1.0,-1.0,-1.0,-1.0,-1.0,-1.0,-1.0,-1.0,-1.0,-1.0
1633.0,892.0,1600.0,878.0,1616.0,885.0,-1.0,-1.0,0.0,0.0
1617.0,887.0,1584.0,882.0,1600.0,884.0,-1.0,-1.0,0.0,0.0
1584.0,878.0,1584.0,878.0,1584.0,878.0,1.96,1.96,0.0,0.0
1566.0,887.0,1566.0,887.0,1566.0,887.0,-1.0,-1.0,0.0,0.0
1446.0,867.0,1446.0,867.0,1446.0,867.0,-1.0,-1.0,0.0,0.0
-1.0,-1.0,-1.0,-1.0,-1.0,-1.0,-1.0,-1.0,-1.0,-1.0
-1.0,-1.0,-1.0,-1.0,-1.0,-1.0,-1.0,-1.0,-1.0,-1.0
-1.0,-1.0,-1.0,-1.0,-1.0,-1.0,-1.0,-1.0,-1.0,-1.0
-1.0,-1.0,-1.0,-1.0,-1.0,-1.0,-1.0,-1.0,-1.0,-1.0
1195.0,882.0,1195.0,882.0,1195.0,882.0,-1.0,-1.0,0.0,0.0
-1.0,-1.0,-1.0,-1.0,-1.0,-1.0,-1.0,-1.0,-1.0,-1.0
-1.0,-1.0,-1.0,-1.0,-1.0,-1.0,-1.0,-1.0,-1.0,-1.0
1860.0,166.0,1860.0,166.0,1860.0,166.0,-1.0,-1.0,0.0,0.0
-1.0,-1.0,-1.0,-1.0,-1.0,-1.0,-1.0,-1.0,-1.0,-1.0
-1.0,-1.0,-1.0,-1.0,-1.0,-1.0,-1.0,-1.0,-1.0,-1.0
-1.0,-1.0,-1.0,-1.0,-1.0,-1.0,-1.0,-1.0,-1.0,-1.0
-1.0,-1.0,-1.0,-1.0,-1.0,-1.0,-1.0,-1.0,-1.0,-1.0
-1.0,-1.0,-1.0,-1.0,-1.0,-1.0,-1.0,-1.0,-1.0,-1.0
341.0,959.0,341.0,959.0,341.0,959.0,-1.0,-1.0,0.0,0.0
-1.0,-1.0,-1.0,-1.0,-1.0,-1.0,-1.0,-1.0,-1.0,-1.0
645.0,1116.0,645.0,1116.0,645.0,1116.0,2.86,2.86,0.0,0.0
-1.0,-1.0,-1.0,-1.0,-1.0,-1.0,-1.0,-1.0,-1.0,-1.0
-1.0,-1.0,-1.0,-1.0,-1.0,-1.0,-1.0,-1.0,-1.0,-1.0
437.0,1045.0,437.0,1045.0,437.0,1045.0,1.97,1.97,0.0,0.0
666.0,1105.0,666.0,1105.0,666.0,1105.0,-1.0,-1.0,0.0,0.0
-1.0,-1.0,-1.0,-1.0,-1.0,-1.0,-1.0,-1.0,-1.0,-1.0
-1.0,-1.0,-1.0,-1.0,-1.0,-1.0,-1.0,-1.0,-1.0,-1.0
335.0,943.0,421.0,1016.0,378.0,979.0,-1.0,-1.0,0.0,0.0
-1.0,-1.0,-1.0,-1.0,-1.0,-1.0,-1.0,-1.0,-1.0,-1.0
-1.0,-1.0,-1.0,-1.0,-1.0,-1.0,-1.0,-1.0,-1.0,-1.0
-1.0,-1.0,-1.0,-1.0,-1.0,-1.0,-1.0,-1.0,-1.0,-1.0
-1.0,-1.0,-1.0,-1.0,-1.0,-1.0,-1.0,-1.0,-1.0,-1.0
-1.0,-1.0,-1.0,-1.0,-1.0,-1.0,-1.0,-1.0,-1.0,-1.0
-1.0,-1.0,-1.0,-1.0,-1.0,-1.0,-1.0,-1.0,-1.0,-1.0
-1.0,-1.0,-1.0,-1.0,-1.0,-1.0,-1.0,-1.0,-1.0,-1.0
-1.0,-1.0,-1.0,-1.0,-1.0,-1.0,-1.0,-1.0,-1.0,-1.0
-1.0,-1.0,-1.0,-1.0,-1.0,-1.0,-1.0,-1.0,-1.0,-1.0
-1.0,-1.0,-1.0,-1.0,-1.0,-1.0,-1.0,-1.0,-1.0,-1.0
-1.0,-1.0,-1.0,-1.0,-1.0,-1.0,-1.0,-1.0,-1.0,-1.0
-1.0,-1.0,-1.0,-1.0,-1.0,-1.0,-1.0,-1.0,-1.0,-1.0
-1.0,-1.0,-1.0,-1.0,-1.0,-1.0,-1.0,-1.0,-1.0,-1.0
-1.0,-1.0,-1.0,-1.0,-1.0,-1.0,-1.0,-1.0,-1.0,-1.0
223.0,951.0,223.0,951.0,223.0,951.0,-1.0,-1.0,0.0,0.0
110.0,873.0,110.0,873.0,110.0,873.0,-1.0,-1.0,0.0,0.0
-1.0,-1.0,-1.0,-1.0,-1.0,-1.0,-1.0,-1.0,-1.0,-1.0
-1.0,-1.0,-1.0,-1.0,-1.0,-1.0,-1.0,-1.0,-1.0,-1.0
-1.0,-1.0,-1.0,-1.0,-1.0,-1.0,-1.0,-1.0,-1.0,-1.0
-1.0,-1.0,-1.0,-1.0,-1.0,-1.0,-1.0,-1.0,-1.0,-1.0
-1.0,-1.0,-1.0,-1.0,-1.0,-1.0,-1.0,-1.0,-1.0,-1.0
-1.0,-1.0,-1.0,-1.0,-1.0,-1.0,-1.0,-1.0,-1.0,-1.0
-1.0,-1.0,-1.0,-1.0,-1.0,-1.0,-1.0,-1.0,-1.0,-1.0
144.0,991.0,144.0,991.0,144.0,991.0,-1.0,-1.0,0.0,0.0
793.0,686.0,793.0,686.0,793.0,686.0,-1.0,-1.0,0.0,0.0
-1.0,-1.0,-1.0,-1.0,-1.0,-1.0,-1.0,-1.0,-1.0,-1.0
1298.0,341.0,1298.0,341.0,1298.0,341.0,-1.0,-1.0,0.0,0.0
-1.0,-1.0,-1.0,-1.0,-1.0,-1.0,-1.0,-1.0,-1.0,-1.0
-1.0,-1.0,-1.0,-1.0,-1.0,-1.0,-1.0,-1.0,-1.0,-1.0
783.0,658.0,783.0,658.0,783.0,658.0,-1.0,-1.0,0.0,0.0
-1.0,-1.0,-1.0,-1.0,-1.0,-1.0,-1.0,-1.0,-1.0,-1.0
-1.0,-1.0,-1.0,-1.0,-1.0,-1.0,-1.0,-1.0,-1.0,-1.0
147.0,954.0,147.0,954.0,147.0,954.0,-1.0,-1.0,0.0,0.0
-1.0,-1.0,-1.0,-1.0,-1.0,-1.0,-1.0,-1.0,-1.0,-1.0
-1.0,-1.0,-1.0,-1.0,-1.0,-1.0,-1.0,-1.0,-1.0,-1.0
141.0,970.0,141.0,970.0,141.0,970.0,-1.0,-1.0,0.0,0.0
72.0,942.0,72.0,942.0,72.0,942.0,-1.0,-1.0,0.0,0.0
-1.0,-1.0,-1.0,-1.0,-1.0,-1.0,-1.0,-1.0,-1.0,-1.0
56.0,964.0,56.0,964.0,56.0,964.0,-1.0,-1.0,0.0,0.0
-1.0,-1.0,-1.0,-1.0,-1.0,-1.0,-1.0,-1.0,-1.0,-1.0
-1.0,-1.0,-1.0,-1.0,-1.0,-1.0,-1.0,-1.0,-1.0,-1.0
73.0,948.0,165.0,986.0,119.0,967.0,-1.0,-1.0,0.0,0.0
-1.0,-1.0,-1.0,-1.0,-1.0,-1.0,-1.0,-1.0,-1.0,-1.0
-1.0,-1.0,-1.0,-1.0,-1.0,-1.0,-1.0,-1.0,-1.0,-1.0
132.0,974.0,171.0,999.0,151.0,986.0,-1.0,-1.0,0.0,0.0
-1.0,-1.0,-1.0,-1.0,-1.0,-1.0,-1.0,-1.0,-1.0,-1.0
-1.0,-1.0,-1.0,-1.0,-1.0,-1.0,-1.0,-1.0,-1.0,-1.0
146.0,978.0,168.0,989.0,157.0,983.0,-1.0,-1.0,0.0,0.0
-1.0,-1.0,-1.0,-1.0,-1.0,-1.0,-1.0,-1.0,-1.0,-1.0
-1.0,-1.0,-1.0,-1.0,-1.0,-1.0,-1.0,-1.0,-1.0,-1.0
143.0,964.0,139.0,996.0,141.0,980.0,-1.0,-1.0,0.0,0.0
119.0,973.0,119.0,973.0,119.0,973.0,-1.0,-1.0,0.0,0.0
-1.0,-1.0,-1.0,-1.0,-1.0,-1.0,-1.0,-1.0,-1.0,-1.0
116.0,986.0,172.0,994.0,144.0,990.0,-1.0,-1.0,0.0,0.0
-1.0,-1.0,-1.0,-1.0,-1.0,-1.0,-1.0,-1.0,-1.0,-1.0
-1.0,-1.0,-1.0,-1.0,-1.0,-1.0,-1.0,-1.0,-1.0,-1.0
104.0,982.0,154.0,986.0,129.0,984.0,-1.0,-1.0,0.0,0.0
97.0,960.0,97.0,960.0,97.0,960.0,-1.0,-1.0,0.0,0.0
-1.0,-1.0,-1.0,-1.0,-1.0,-1.0,-1.0,-1.0,-1.0,-1.0
89.0,968.0,192.0,1008.0,140.0,988.0,-1.0,-1.0,0.0,0.0
-1.0,-1.0,-1.0,-1.0,-1.0,-1.0,-1.0,-1.0,-1.0,-1.0
-1.0,-1.0,-1.0,-1.0,-1.0,-1.0,-1.0,-1.0,-1.0,-1.0
106.0,983.0,187.0,1000.0,146.0,991.0,-1.0,-1.0,0.0,0.0
-1.0,-1.0,-1.0,-1.0,-1.0,-1.0,-1.0,-1.0,-1.0,-1.0
-1.0,-1.0,-1.0,-1.0,-1.0,-1.0,-1.0,-1.0,-1.0,-1.0
264.0,966.0,292.0,1003.0,278.0,984.0,-1.0,-1.0,0.0,0.0
-1.0,-1.0,-1.0,-1.0,-1.0,-1.0,-1.0,-1.0,-1.0,-1.0
-1.0,-1.0,-1.0,-1.0,-1.0,-1.0,-1.0,-1.0,-1.0,-1.0
251.0,972.0,281.0,986.0,266.0,979.0,-1.0,-1.0,0.0,0.0
-1.0,-1.0,-1.0,-1.0,-1.0,-1.0,-1.0,-1.0,-1.0,-1.0
-1.0,-1.0,-1.0,-1.0,-1.0,-1.0,-1.0,-1.0,-1.0,-1.0
270.0,974.0,317.0,1010.0,293.0,992.0,-1.0,-1.0,0.0,0.0
-1.0,-1.0,-1.0,-1.0,-1.0,-1.0,-1.0,-1.0,-1.0,-1.0
-1.0,-1.0,-1.0,-1.0,-1.0,-1.0,-1.0,-1.0,-1.0,-1.0
289.0,969.0,302.0,998.0,295.0,983.0,-1.0,-1.0,0.0,0.0
-1.0,-1.0,-1.0,-1.0,-1.0,-1.0,-1.0,-1.0,-1.0,-1.0
-1.0,-1.0,-1.0,-1.0,-1.0,-1.0,-1.0,-1.0,-1.0,-1.0
279.0,971.0,300.0,1003.0,289.0,987.0,-1.0,-1.0,0.0,0.0
-1.0,-1.0,-1.0,-1.0,-1.0,-1.0,-1.0,-1.0,-1.0,-1.0
-1.0,-1.0,-1.0,-1.0,-1.0,-1.0,-1.0,-1.0,-1.0,-1.0
287.0,977.0,313.0,1002.0,300.0,989.0,-1.0,-1.0,0.0,0.0
276.0,932.0,276.0,932.0,276.0,932.0,-1.0,-1.0,0.0,0.0
-1.0,-1.0,-1.0,-1.0,-1.0,-1.0,-1.0,-1.0,-1.0,-1.0
269.0,927.0,310.0,1003.0,289.0,965.0,-1.0,-1.0,0.0,0.0
-1.0,-1.0,-1.0,-1.0,-1.0,-1.0,-1.0,-1.0,-1.0,-1.0
-1.0,-1.0,-1.0,-1.0,-1.0,-1.0,-1.0,-1.0,-1.0,-1.0
270.0,921.0,265.0,1002.0,267.0,961.0,-1.0,-1.0,0.0,0.0
-1.0,-1.0,-1.0,-1.0,-1.0,-1.0,-1.0,-1.0,-1.0,-1.0
-1.0,-1.0,-1.0,-1.0,-1.0,-1.0,-1.0,-1.0,-1.0,-1.0
294.0,983.0,319.0,993.0,306.0,988.0,-1.0,-1.0,0.0,0.0
-1.0,-1.0,-1.0,-1.0,-1.0,-1.0,-1.0,-1.0,-1.0,-1.0
-1.0,-1.0,-1.0,-1.0,-1.0,-1.0,-1.0,-1.0,-1.0,-1.0
276.0,971.0,321.0,1006.0,298.0,988.0,-1.0,-1.0,0.0,0.0
-1.0,-1.0,-1.0,-1.0,-1.0,-1.0,-1.0,-1.0,-1.0,-1.0
-1.0,-1.0,-1.0,-1.0,-1.0,-1.0,-1.0,-1.0,-1.0,-1.0
257.0,982.0,347.0,1010.0,302.0,996.0,-1.0,-1.0,0.0,0.0
-1.0,-1.0,-1.0,-1.0,-1.0,-1.0,-1.0,-1.0,-1.0,-1.0
-1.0,-1.0,-1.0,-1.0,-1.0,-1.0,-1.0,-1.0,-1.0,-1.0
247.0,948.0,264.0,1016.0,255.0,982.0,-1.0,-1.0,0.0,0.0
-1.0,-1.0,-1.0,-1.0,-1.0,-1.0,-1.0,-1.0,-1.0,-1.0
-1.0,-1.0,-1.0,-1.0,-1.0,-1.0,-1.0,-1.0,-1.0,-1.0
222.0,961.0,254.0,1002.0,238.0,981.0,-1.0,-1.0,0.0,0.0
-1.0,-1.0,-1.0,-1.0,-1.0,-1.0,-1.0,-1.0,-1.0,-1.0
674.0,1010.0,674.0,1010.0,674.0,1010.0,3.15,3.15,0.0,0.0
218.0,969.0,675.0,1007.0,446.0,988.0,-1.0,-1.0,0.0,0.0
-1.0,-1.0,-1.0,-1.0,-1.0,-1.0,-1.0,-1.0,-1.0,-1.0
-1.0,-1.0,-1.0,-1.0,-1.0,-1.0,-1.0,-1.0,-1.0,-1.0
217.0,981.0,680.0,1009.0,448.0,995.0,-1.0,-1.0,0.0,0.0
-1.0,-1.0,-1.0,-1.0,-1.0,-1.0,-1.0,-1.0,-1.0,-1.0
-1.0,-1.0,-1.0,-1.0,-1.0,-1.0,-1.0,-1.0,-1.0,-1.0
215.0,976.0,254.0,998.0,234.0,987.0,-1.0,-1.0,0.0,0.0
-1.0,-1.0,-1.0,-1.0,-1.0,-1.0,-1.0,-1.0,-1.0,-1.0
-1.0,-1.0,-1.0,-1.0,-1.0,-1.0,-1.0,-1.0,-1.0,-1.0
231.0,977.0,222.0,1012.0,226.0,994.0,-1.0,-1.0,0.0,0.0
231.0,975.0,231.0,975.0,231.0,975.0,-1.0,-1.0,0.0,0.0
-1.0,-1.0,-1.0,-1.0,-1.0,-1.0,-1.0,-1.0,-1.0,-1.0
237.0,982.0,259.0,1007.0,248.0,994.0,-1.0,-1.0,0.0,0.0
-1.0,-1.0,-1.0,-1.0,-1.0,-1.0,-1.0,-1.0,-1.0,-1.0
-1.0,-1.0,-1.0,-1.0,-1.0,-1.0,-1.0,-1.0,-1.0,-1.0
224.0,972.0,216.0,991.0,220.0,981.0,-1.0,-1.0,0.0,0.0
-1.0,-1.0,-1.0,-1.0,-1.0,-1.0,-1.0,-1.0,-1.0,-1.0
-1.0,-1.0,-1.0,-1.0,-1.0,-1.0,-1.0,-1.0,-1.0,-1.0
200.0,974.0,271.0,1003.0,235.0,988.0,-1.0,-1.0,0.0,0.0
-1.0,-1.0,-1.0,-1.0,-1.0,-1.0,-1.0,-1.0,-1.0,-1.0
-1.0,-1.0,-1.0,-1.0,-1.0,-1.0,-1.0,-1.0,-1.0,-1.0
223.0,986.0,246.0,1014.0,234.0,1000.0,-1.0,-1.0,0.0,0.0
-1.0,-1.0,-1.0,-1.0,-1.0,-1.0,-1.0,-1.0,-1.0,-1.0
-1.0,-1.0,-1.0,-1.0,-1.0,-1.0,-1.0,-1.0,-1.0,-1.0
206.0,961.0,258.0,1016.0,232.0,988.0,-1.0,-1.0,0.0,0.0
-1.0,-1.0,-1.0,-1.0,-1.0,-1.0,-1.0,-1.0,-1.0,-1.0
-1.0,-1.0,-1.0,-1.0,-1.0,-1.0,-1.0,-1.0,-1.0,-1.0
239.0,976.0,250.0,994.0,244.0,985.0,-1.0,-1.0,0.0,0.0
-1.0,-1.0,-1.0,-1.0,-1.0,-1.0,-1.0,-1.0,-1.0,-1.0
-1.0,-1.0,-1.0,-1.0,-1.0,-1.0,-1.0,-1.0,-1.0,-1.0
212.0,963.0,219.0,1010.0,215.0,986.0,-1.0,-1.0,0.0,0.0
-1.0,-1.0,-1.0,-1.0,-1.0,-1.0,-1.0,-1.0,-1.0,-1.0
-1.0,-1.0,-1.0,-1.0,-1.0,-1.0,-1.0,-1.0,-1.0,-1.0
233.0,960.0,249.0,1026.0,241.0,993.0,-1.0,-1.0,0.0,0.0
-1.0,-1.0,-1.0,-1.0,-1.0,-1.0,-1.0,-1.0,-1.0,-1.0
-1.0,-1.0,-1.0,-1.0,-1.0,-1.0,-1.0,-1.0,-1.0,-1.0
234.0,966.0,259.0,996.0,246.0,981.0,-1.0,-1.0,0.0,0.0
-1.0,-1.0,-1.0,-1.0,-1.0,-1.0,-1.0,-1.0,-1.0,-1.0
-1.0,-1.0,-1.0,-1.0,-1.0,-1.0,-1.0,-1.0,-1.0,-1.0
388.0,997.0,436.0,1003.0,412.0,1000.0,-1.0,-1.0,0.0,0.0
-1.0,-1.0,-1.0,-1.0,-1.0,-1.0,-1.0,-1.0,-1.0,-1.0
-1.0,-1.0,-1.0,-1.0,-1.0,-1.0,-1.0,-1.0,-1.0,-1.0
447.0,1007.0,464.0,1015.0,455.0,1011.0,-1.0,-1.0,0.0,0.0
-1.0,-1.0,-1.0,-1.0,-1.0,-1.0,-1.0,-1.0,-1.0,-1.0
-1.0,-1.0,-1.0,-1.0,-1.0,-1.0,-1.0,-1.0,-1.0,-1.0
374.0,964.0,359.0,1004.0,366.0,984.0,-1.0,-1.0,0.0,0.0
404.0,982.0,404.0,982.0,404.0,982.0,-1.0,-1.0,0.0,0.0
-1.0,-1.0,-1.0,-1.0,-1.0,-1.0,-1.0,-1.0,-1.0,-1.0
446.0,1004.0,446.0,1004.0,446.0,1004.0,-1.0,-1.0,0.0,0.0
446.0,1004.0,446.0,1004.0,446.0,1004.0,-1.0,-1.0,0.0,0.0
404.0,982.0,404.0,982.0,404.0,982.0,2.58,2.58,0.0,0.0
395.0,987.0,423.0,996.0,409.0,991.0,-1.0,-1.0,0.0,0.0
-1.0,-1.0,-1.0,-1.0,-1.0,-1.0,-1.0,-1.0,-1.0,-1.0
355.0,974.0,355.0,974.0,355.0,974.0,2.62,2.62,0.0,0.0
380.0,957.0,373.0,1015.0,376.0,986.0,-1.0,-1.0,0.0,0.0
-1.0,-1.0,-1.0,-1.0,-1.0,-1.0,-1.0,-1.0,-1.0,-1.0
380.0,957.0,380.0,957.0,380.0,957.0,2.54,2.54,0.0,0.0
361.0,977.0,439.0,1017.0,400.0,997.0,-1.0,-1.0,0.0,0.0
-1.0,-1.0,-1.0,-1.0,-1.0,-1.0,-1.0,-1.0,-1.0,-1.0
-1.0,-1.0,-1.0,-1.0,-1.0,-1.0,-1.0,-1.0,-1.0,-1.0
365.0,971.0,426.0,1019.0,395.0,995.0,-1.0,-1.0,0.0,0.0
-1.0,-1.0,-1.0,-1.0,-1.0,-1.0,-1.0,-1.0,-1.0,-1.0
365.0,971.0,365.0,971.0,365.0,971.0,3.46,3.46,0.0,0.0
391.0,981.0,406.0,999.0,398.0,990.0,-1.0,-1.0,0.0,0.0
-1.0,-1.0,-1.0,-1.0,-1.0,-1.0,-1.0,-1.0,-1.0,-1.0
-1.0,-1.0,-1.0,-1.0,-1.0,-1.0,-1.0,-1.0,-1.0,-1.0
344.0,987.0,350.0,1010.0,347.0,998.0,-1.0,-1.0,0.0,0.0
-1.0,-1.0,-1.0,-1.0,-1.0,-1.0,-1.0,-1.0,-1.0,-1.0
344.0,987.0,344.0,987.0,344.0,987.0,3.09,3.09,0.0,0.0
340.0,958.0,408.0,1008.0,374.0,983.0,-1.0,-1.0,0.0,0.0
-1.0,-1.0,-1.0,-1.0,-1.0,-1.0,-1.0,-1.0,-1.0,-1.0
-1.0,-1.0,-1.0,-1.0,-1.0,-1.0,-1.0,-1.0,-1.0,-1.0
349.0,991.0,349.0,991.0,349.0,991.0,-1.0,-1.0,0.0,0.0
-1.0,-1.0,-1.0,-1.0,-1.0,-1.0,-1.0,-1.0,-1.0,-1.0
-1.0,-1.0,-1.0,-1.0,-1.0,-1.0,-1.0,-1.0,-1.0,-1.0
358.0,988.0,434.0,1005.0,396.0,996.0,-1.0,-1.0,0.0,0.0
-1.0,-1.0,-1.0,-1.0,-1.0,-1.0,-1.0,-1.0,-1.0,-1.0
-1.0,-1.0,-1.0,-1.0,-1.0,-1.0,-1.0,-1.0,-1.0,-1.0
360.0,985.0,391.0,998.0,375.0,991.0,-1.0,-1.0,0.0,0.0
-1.0,-1.0,-1.0,-1.0,-1.0,-1.0,-1.0,-1.0,-1.0,-1.0
-1.0,-1.0,-1.0,-1.0,-1.0,-1.0,-1.0,-1.0,-1.0,-1.0
428.0,967.0,504.0,1027.0,466.0,997.0,-1.0,-1.0,0.0,0.0
541.0,575.0,541.0,575.0,541.0,575.0,-1.0,-1.0,0.0,0.0
-1.0,-1.0,-1.0,-1.0,-1.0,-1.0,-1.0,-1.0,-1.0,-1.0
528.0,1024.0,548.0,577.0,538.0,800.0,-1.0,-1.0,0.0,0.0
-1.0,-1.0,-1.0,-1.0,-1.0,-1.0,-1.0,-1.0,-1.0,-1.0
-1.0,-1.0,-1.0,-1.0,-1.0,-1.0,-1.0,-1.0,-1.0,-1.0
512.0,984.0,577.0,580.0,544.0,782.0,-1.0,-1.0,0.0,0.0
-1.0,-1.0,-1.0,-1.0,-1.0,-1.0,-1.0,-1.0,-1.0,-1.0
-1.0,-1.0,-1.0,-1.0,-1.0,-1.0,-1.0,-1.0,-1.0,-1.0
520.0,1011.0,520.0,1011.0,520.0,1011.0,-1.0,-1.0,0.0,0.0
-1.0,-1.0,-1.0,-1.0,-1.0,-1.0,-1.0,-1.0,-1.0,-1.0
-1.0,-1.0,-1.0,-1.0,-1.0,-1.0,-1.0,-1.0,-1.0,-1.0
440.0,959.0,529.0,1034.0,484.0,996.0,-1.0,-1.0,0.0,0.0
-1.0,-1.0,-1.0,-1.0,-1.0,-1.0,-1.0,-1.0,-1.0,-1.0
-1.0,-1.0,-1.0,-1.0,-1.0,-1.0,-1.0,-1.0,-1.0,-1.0
577.0,1034.0,577.0,1034.0,577.0,1034.0,-1.0,-1.0,0.0,0.0
559.0,585.0,559.0,585.0,559.0,585.0,-1.0,-1.0,0.0,0.0
-1.0,-1.0,-1.0,-1.0,-1.0,-1.0,-1.0,-1.0,-1.0,-1.0
557.0,1015.0,546.0,577.0,551.0,796.0,-1.0,-1.0,0.0,0.0
-1.0,-1.0,-1.0,-1.0,-1.0,-1.0,-1.0,-1.0,-1.0,-1.0
-1.0,-1.0,-1.0,-1.0,-1.0,-1.0,-1.0,-1.0,-1.0,-1.0
255.0,906.0,457.0,552.0,356.0,729.0,-1.0,-1.0,0.0,0.0
-1.0,-1.0,-1.0,-1.0,-1.0,-1.0,-1.0,-1.0,-1.0,-1.0
-1.0,-1.0,-1.0,-1.0,-1.0,-1.0,-1.0,-1.0,-1.0,-1.0
-18.0,849.0,-28.0,899.0,-23.0,874.0,-1.0,-1.0,0.0,0.0
-1.0,-1.0,-1.0,-1.0,-1.0,-1.0,-1.0,-1.0,-1.0,-1.0
-1.0,-1.0,-1.0,-1.0,-1.0,-1.0,-1.0,-1.0,-1.0,-1.0
-18.0,849.0,-314.0,909.0,-166.0,879.0,-1.0,-1.0,0.0,0.0
-1.0,-1.0,-1.0,-1.0,-1.0,-1.0,-1.0,-1.0,-1.0,-1.0
-1.0,-1.0,-1.0,-1.0,-1.0,-1.0,-1.0,-1.0,-1.0,-1.0
-314.0,909.0,-314.0,909.0,-314.0,909.0,-1.0,-1.0,0.0,0.0
-1.0,-1.0,-1.0,-1.0,-1.0,-1.0,-1.0,-1.0,-1.0,-1.0
-1.0,-1.0,-1.0,-1.0,-1.0,-1.0,-1.0,-1.0,-1.0,-1.0
-314.0,909.0,-314.0,909.0,-314.0,909.0,-1.0,-1.0,0.0,0.0
-1.0,-1.0,-1.0,-1.0,-1.0,-1.0,-1.0,-1.0,-1.0,-1.0
-1.0,-1.0,-1.0,-1.0,-1.0,-1.0,-1.0,-1.0,-1.0,-1.0
-1.0,-1.0,-1.0,-1.0,-1.0,-1.0,-1.0,-1.0,-1.0,-1.0
-1.0,-1.0,-1.0,-1.0,-1.0,-1.0,-1.0,-1.0,-1.0,-1.0
-1.0,-1.0,-1.0,-1.0,-1.0,-1.0,-1.0,-1.0,-1.0,-1.0
-1.0,-1.0,-1.0,-1.0,-1.0,-1.0,-1.0,-1.0,-1.0,-1.0
-1.0,-1.0,-1.0,-1.0,-1.0,-1.0,-1.0,-1.0,-1.0,-1.0
-1.0,-1.0,-1.0,-1.0,-1.0,-1.0,-1.0,-1.0,-1.0,-1.0
-1.0,-1.0,-1.0,-1.0,-1.0,-1.0,-1.0,-1.0,-1.0,-1.0
-1.0,-1.0,-1.0,-1.0,-1.0,-1.0,-1.0,-1.0,-1.0,-1.0
-1.0,-1.0,-1.0,-1.0,-1.0,-1.0,-1.0,-1.0,-1.0,-1.0
-327.0,881.0,-327.0,881.0,-327.0,881.0,-1.0,-1.0,0.0,0.0
-1.0,-1.0,-1.0,-1.0,-1.0,-1.0,-1.0,-1.0,-1.0,-1.0
-1.0,-1.0,-1.0,-1.0,-1.0,-1.0,-1.0,-1.0,-1.0,-1.0
-327.0,881.0,-327.0,881.0,-327.0,881.0,-1.0,-1.0,0.0,0.0
-1.0,-1.0,-1.0,-1.0,-1.0,-1.0,-1.0,-1.0,-1.0,-1.0
-1.0,-1.0,-1.0,-1.0,-1.0,-1.0,-1.0,-1.0,-1.0,-1.0
-327.0,881.0,-327.0,881.0,-327.0,881.0,-1.0,-1.0,0.0,0.0
-1.0,-1.0,-1.0,-1.0,-1.0,-1.0,-1.0,-1.0,-1.0,-1.0
-1.0,-1.0,-1.0,-1.0,-1.0,-1.0,-1.0,-1.0,-1.0,-1.0
-1.0,-1.0,-1.0,-1.0,-1.0,-1.0,-1.0,-1.0,-1.0,-1.0
-1.0,-1.0,-1.0,-1.0,-1.0,-1.0,-1.0,-1.0,-1.0,-1.0
-1.0,-1.0,-1.0,-1.0,-1.0,-1.0,-1.0,-1.0,-1.0,-1.0
-1.0,-1.0,-1.0,-1.0,-1.0,-1.0,-1.0,-1.0,-1.0,-1.0
-1.0,-1.0,-1.0,-1.0,-1.0,-1.0,-1.0,-1.0,-1.0,-1.0
-1.0,-1.0,-1.0,-1.0,-1.0,-1.0,-1.0,-1.0,-1.0,-1.0
-1.0,-1.0,-1.0,-1.0,-1.0,-1.0,-1.0,-1.0,-1.0,-1.0
-1.0,-1.0,-1.0,-1.0,-1.0,-1.0,-1.0,-1.0,-1.0,-1.0
-1.0,-1.0,-1.0,-1.0,-1.0,-1.0,-1.0,-1.0,-1.0,-1.0
-1.0,-1.0,-1.0,-1.0,-1.0,-1.0,-1.0,-1.0,-1.0,-1.0
-1.0,-1.0,-1.0,-1.0,-1.0,-1.0,-1.0,-1.0,-1.0,-1.0
-1.0,-1.0,-1.0,-1.0,-1.0,-1.0,-1.0,-1.0,-1.0,-1.0
-166.0,782.0,-301.0,850.0,-233.0,816.0,-1.0,-1.0,0.0,0.0
-1.0,-1.0,-1.0,-1.0,-1.0,-1.0,-1.0,-1.0,-1.0,-1.0
-1.0,-1.0,-1.0,-1.0,-1.0,-1.0,-1.0,-1.0,-1.0,-1.0
-166.0,782.0,-301.0,850.0,-233.0,816.0,-1.0,-1.0,0.0,0.0
-166.0,782.0,-166.0,782.0,-166.0,782.0,-1.0,-1.0,0.0,0.0
-1.0,-1.0,-1.0,-1.0,-1.0,-1.0,-1.0,-1.0,-1.0,-1.0
-166.0,782.0,-298.0,881.0,-232.0,831.0,-1.0,-1.0,0.0,0.0
-1.0,-1.0,-1.0,-1.0,-1.0,-1.0,-1.0,-1.0,-1.0,-1.0
-1.0,-1.0,-1.0,-1.0,-1.0,-1.0,-1.0,-1.0,-1.0,-1.0
-298.0,881.0,-298.0,881.0,-298.0,881.0,-1.0,-1.0,0.0,0.0
-1.0,-1.0,-1.0,-1.0,-1.0,-1.0,-1.0,-1.0,-1.0,-1.0
-1.0,-1.0,-1.0,-1.0,-1.0,-1.0,-1.0,-1.0,-1.0,-1.0
-202.0,859.0,-202.0,859.0,-202.0,859.0,-1.0,-1.0,0.0,0.0
-1.0,-1.0,-1.0,-1.0,-1.0,-1.0,-1.0,-1.0,-1.0,-1.0
-1.0,-1.0,-1.0,-1.0,-1.0,-1.0,-1.0,-1.0,-1.0,-1.0
-44.0,811.0,-175.0,848.0,-109.0,829.0,-1.0,-1.0,0.0,0.0
-1.0,-1.0,-1.0,-1.0,-1.0,-1.0,-1.0,-1.0,-1.0,-1.0
-1.0,-1.0,-1.0,-1.0,-1.0,-1.0,-1.0,-1.0,-1.0,-1.0
-44.0,811.0,-331.0,732.0,-187.0,771.0,-1.0,-1.0,0.0,0.0
-1.0,-1.0,-1.0,-1.0,-1.0,-1.0,-1.0,-1.0,-1.0,-1.0
-1.0,-1.0,-1.0,-1.0,-1.0,-1.0,-1.0,-1.0,-1.0,-1.0
-59.0,771.0,-331.0,732.0,-195.0,751.0,-1.0,-1.0,0.0,0.0
-59.0,771.0,-59.0,771.0,-59.0,771.0,-1.0,-1.0,0.0,0.0
-1.0,-1.0,-1.0,-1.0,-1.0,-1.0,-1.0,-1.0,-1.0,-1.0
-315.0,651.0,-331.0,732.0,-323.0,691.0,-1.0,-1.0,0.0,0.0
-1.0,-1.0,-1.0,-1.0,-1.0,-1.0,-1.0,-1.0,-1.0,-1.0
-1.0,-1.0,-1.0,-1.0,-1.0,-1.0,-1.0,-1.0,-1.0,-1.0
-315.0,651.0,-315.0,651.0,-315.0,651.0,-1.0,-1.0,0.0,0.0
-1.0,-1.0,-1.0,-1.0,-1.0,-1.0,-1.0,-1.0,-1.0,-1.0
-1.0,-1.0,-1.0,-1.0,-1.0,-1.0,-1.0,-1.0,-1.0,-1.0
-1.0,-1.0,-1.0,-1.0,-1.0,-1.0,-1.0,-1.0,-1.0,-1.0
-1.0,-1.0,-1.0,-1.0,-1.0,-1.0,-1.0,-1.0,-1.0,-1.0
-1.0,-1.0,-1.0,-1.0,-1.0,-1.0,-1.0,-1.0,-1.0,-1.0
129.0,734.0,129.0,734.0,129.0,734.0,-1.0,-1.0,0.0,0.0
1381.0,780.0,1381.0,780.0,1381.0,780.0,-1.0,-1.0,0.0,0.0
-1.0,-1.0,-1.0,-1.0,-1.0,-1.0,-1.0,-1.0,-1.0,-1.0
22.0,679.0,22.0,679.0,22.0,679.0,-1.0,-1.0,0.0,0.0
-1.0,-1.0,-1.0,-1.0,-1.0,-1.0,-1.0,-1.0,-1.0,-1.0
-1.0,-1.0,-1.0,-1.0,-1.0,-1.0,-1.0,-1.0,-1.0,-1.0
173.0,755.0,173.0,755.0,173.0,755.0,-1.0,-1.0,0.0,0.0
-1.0,-1.0,-1.0,-1.0,-1.0,-1.0,-1.0,-1.0,-1.0,-1.0
-1.0,-1.0,-1.0,-1.0,-1.0,-1.0,-1.0,-1.0,-1.0,-1.0
219.0,755.0,219.0,755.0,219.0,755.0,-1.0,-1.0,0.0,0.0
-1.0,-1.0,-1.0,-1.0,-1.0,-1.0,-1.0,-1.0,-1.0,-1.0
-1.0,-1.0,-1.0,-1.0,-1.0,-1.0,-1.0,-1.0,-1.0,-1.0
57.0,749.0,57.0,749.0,57.0,749.0,-1.0,-1.0,0.0,0.0
57.0,749.0,57.0,749.0,57.0,749.0,-1.0,-1.0,0.0,0.0
-1.0,-1.0,-1.0,-1.0,-1.0,-1.0,-1.0,-1.0,-1.0,-1.0
320.0,843.0,320.0,843.0,320.0,843.0,-1.0,-1.0,0.0,0.0
1690.0,831.0,1690.0,831.0,1690.0,831.0,-1.0,-1.0,0.0,0.0
-1.0,-1.0,-1.0,-1.0,-1.0,-1.0,-1.0,-1.0,-1.0,-1.0
-1.0,-1.0,-1.0,-1.0,-1.0,-1.0,-1.0,-1.0,-1.0,-1.0
-1.0,-1.0,-1.0,-1.0,-1.0,-1.0,-1.0,-1.0,-1.0,-1.0
-1.0,-1.0,-1.0,-1.0,-1.0,-1.0,-1.0,-1.0,-1.0,-1.0
69.0,719.0,69.0,719.0,69.0,719.0,-1.0,-1.0,0.0,0.0
-1.0,-1.0,-1.0,-1.0,-1.0,-1.0,-1.0,-1.0,-1.0,-1.0
-1.0,-1.0,-1.0,-1.0,-1.0,-1.0,-1.0,-1.0,-1.0,-1.0
205.0,855.0,205.0,855.0,205.0,855.0,-1.0,-1.0,0.0,0.0
-1.0,-1.0,-1.0,-1.0,-1.0,-1.0,-1.0,-1.0,-1.0,-1.0
-1.0,-1.0,-1.0,-1.0,-1.0,-1.0,-1.0,-1.0,-1.0,-1.0
-3.0,748.0,-3.0,748.0,-3.0,748.0,-1.0,-1.0,0.0,0.0
-1.0,-1.0,-1.0,-1.0,-1.0,-1.0,-1.0,-1.0,-1.0,-1.0
-1.0,-1.0,-1.0,-1.0,-1.0,-1.0,-1.0,-1.0,-1.0,-1.0
41.0,768.0,41.0,768.0,41.0,768.0,-1.0,-1.0,0.0,0.0
-1.0,-1.0,-1.0,-1.0,-1.0,-1.0,-1.0,-1.0,-1.0,-1.0
-1.0,-1.0,-1.0,-1.0,-1.0,-1.0,-1.0,-1.0,-1.0,-1.0
52.0,733.0,52.0,733.0,52.0,733.0,-1.0,-1.0,0.0,0.0
-1.0,-1.0,-1.0,-1.0,-1.0,-1.0,-1.0,-1.0,-1.0,-1.0
-1.0,-1.0,-1.0,-1.0,-1.0,-1.0,-1.0,-1.0,-1.0,-1.0
-66.0,781.0,-66.0,781.0,-66.0,781.0,-1.0,-1.0,0.0,0.0
1299.0,900.0,1299.0,900.0,1299.0,900.0,-1.0,-1.0,0.0,0.0
-1.0,-1.0,-1.0,-1.0,-1.0,-1.0,-1.0,-1.0,-1.0,-1.0
-63.0,842.0,-63.0,842.0,-63.0,842.0,-1.0,-1.0,0.0,0.0
-1.0,-1.0,-1.0,-1.0,-1.0,-1.0,-1.0,-1.0,-1.0,-1.0
-1.0,-1.0,-1.0,-1.0,-1.0,-1.0,-1.0,-1.0,-1.0,-1.0
49.0,780.0,49.0,780.0,49.0,780.0,-1.0,-1.0,0.0,0.0
-1.0,-1.0,-1.0,-1.0,-1.0,-1.0,-1.0,-1.0,-1.0,-1.0
-1.0,-1.0,-1.0,-1.0,-1.0,-1.0,-1.0,-1.0,-1.0,-1.0
-1.0,-1.0,-1.0,-1.0,-1.0,-1.0,-1.0,-1.0,-1.0,-1.0
1368.0,752.0,1368.0,752.0,1368.0,752.0,-1.0,-1.0,0.0,0.0
-1.0,-1.0,-1.0,-1.0,-1.0,-1.0,-1.0,-1.0,-1.0,-1.0
-41.0,771.0,-41.0,771.0,-41.0,771.0,-1.0,-1.0,0.0,0.0
-1.0,-1.0,-1.0,-1.0,-1.0,-1.0,-1.0,-1.0,-1.0,-1.0
-1.0,-1.0,-1.0,-1.0,-1.0,-1.0,-1.0,-1.0,-1.0,-1.0
64.0,834.0,64.0,834.0,64.0,834.0,-1.0,-1.0,0.0,0.0
-1.0,-1.0,-1.0,-1.0,-1.0,-1.0,-1.0,-1.0,-1.0,-1.0
-1.0,-1.0,-1.0,-1.0,-1.0,-1.0,-1.0,-1.0,-1.0,-1.0
-88.0,770.0,-88.0,770.0,-88.0,770.0,-1.0,-1.0,0.0,0.0
-1.0,-1.0,-1.0,-1.0,-1.0,-1.0,-1.0,-1.0,-1.0,-1.0
-1.0,-1.0,-1.0,-1.0,-1.0,-1.0,-1.0,-1.0,-1.0,-1.0
-73.0,805.0,-73.0,805.0,-73.0,805.0,-1.0,-1.0,0.0,0.0
-1.0,-1.0,-1.0,-1.0,-1.0,-1.0,-1.0,-1.0,-1.0,-1.0
-1.0,-1.0,-1.0,-1.0,-1.0,-1.0,-1.0,-1.0,-1.0,-1.0
-94.0,834.0,-94.0,834.0,-94.0,834.0,-1.0,-1.0,0.0,0.0
-1.0,-1.0,-1.0,-1.0,-1.0,-1.0,-1.0,-1.0,-1.0,-1.0
-1.0,-1.0,-1.0,-1.0,-1.0,-1.0,-1.0,-1.0,-1.0,-1.0
-1.0,-1.0,-1.0,-1.0,-1.0,-1.0,-1.0,-1.0,-1.0,-1.0
1564.0,798.0,1564.0,798.0,1564.0,798.0,-1.0,-1.0,0.0,0.0
-1.0,-1.0,-1.0,-1.0,-1.0,-1.0,-1.0,-1.0,-1.0,-1.0
-89.0,741.0,-89.0,741.0,-89.0,741.0,-1.0,-1.0,0.0,0.0
1241.0,869.0,1241.0,869.0,1241.0,869.0,-1.0,-1.0,0.0,0.0
-1.0,-1.0,-1.0,-1.0,-1.0,-1.0,-1.0,-1.0,-1.0,-1.0
76.0,787.0,76.0,787.0,76.0,787.0,-1.0,-1.0,0.0,0.0
-1.0,-1.0,-1.0,-1.0,-1.0,-1.0,-1.0,-1.0,-1.0,-1.0
-1.0,-1.0,-1.0,-1.0,-1.0,-1.0,-1.0,-1.0,-1.0,-1.0
-290.0,701.0,-290.0,701.0,-290.0,701.0,-1.0,-1.0,0.0,0.0
1340.0,879.0,1340.0,879.0,1340.0,879.0,-1.0,-1.0,0.0,0.0
-1.0,-1.0,-1.0,-1.0,-1.0,-1.0,-1.0,-1.0,-1.0,-1.0
-141.0,689.0,-141.0,689.0,-141.0,689.0,-1.0,-1.0,0.0,0.0
-1.0,-1.0,-1.0,-1.0,-1.0,-1.0,-1.0,-1.0,-1.0,-1.0
-1.0,-1.0,-1.0,-1.0,-1.0,-1.0,-1.0,-1.0,-1.0,-1.0
-86.0,768.0,-86.0,768.0,-86.0,768.0,-1.0,-1.0,0.0,0.0
-1.0,-1.0,-1.0,-1.0,-1.0,-1.0,-1.0,-1.0,-1.0,-1.0
-1.0,-1.0,-1.0,-1.0,-1.0,-1.0,-1.0,-1.0,-1.0,-1.0
-190.0,745.0,-190.0,745.0,-190.0,745.0,-1.0,-1.0,0.0,0.0
-1.0,-1.0,-1.0,-1.0,-1.0,-1.0,-1.0,-1.0,-1.0,-1.0
-1.0,-1.0,-1.0,-1.0,-1.0,-1.0,-1.0,-1.0,-1.0,-1.0
-24.0,789.0,-24.0,789.0,-24.0,789.0,-1.0,-1.0,0.0,0.0
-1.0,-1.0,-1.0,-1.0,-1.0,-1.0,-1.0,-1.0,-1.0,-1.0
-1.0,-1.0,-1.0,-1.0,-1.0,-1.0,-1.0,-1.0,-1.0,-1.0
-1.0,-1.0,-1.0,-1.0,-1.0,-1.0,-1.0,-1.0,-1.0,-1.0
-1.0,-1.0,-1.0,-1.0,-1.0,-1.0,-1.0,-1.0,-1.0,-1.0
-1.0,-1.0,-1.0,-1.0,-1.0,-1.0,-1.0,-1.0,-1.0,-1.0
31.0,685.0,31.0,685.0,31.0,685.0,-1.0,-1.0,0.0,0.0
-1.0,-1.0,-1.0,-1.0,-1.0,-1.0,-1.0,-1.0,-1.0,-1.0
-1.0,-1.0,-1.0,-1.0,-1.0,-1.0,-1.0,-1.0,-1.0,-1.0
102.0,436.0,102.0,436.0,102.0,436.0,-1.0,-1.0,0.0,0.0
-1.0,-1.0,-1.0,-1.0,-1.0,-1.0,-1.0,-1.0,-1.0,-1.0
-1.0,-1.0,-1.0,-1.0,-1.0,-1.0,-1.0,-1.0,-1.0,-1.0
149.0,747.0,149.0,747.0,149.0,747.0,-1.0,-1.0,0.0,0.0
1849.0,802.0,1849.0,802.0,1849.0,802.0,-1.0,-1.0,0.0,0.0
-1.0,-1.0,-1.0,-1.0,-1.0,-1.0,-1.0,-1.0,-1.0,-1.0
-1.0,-1.0,-1.0,-1.0,-1.0,-1.0,-1.0,-1.0,-1.0,-1.0
1951.0,855.0,1951.0,855.0,1951.0,855.0,-1.0,-1.0,0.0,0.0
-1.0,-1.0,-1.0,-1.0,-1.0,-1.0,-1.0,-1.0,-1.0,-1.0
170.0,709.0,170.0,709.0,170.0,709.0,-1.0,-1.0,0.0,0.0
1741.0,897.0,1741.0,897.0,1741.0,897.0,-1.0,-1.0,0.0,0.0
-1.0,-1.0,-1.0,-1.0,-1.0,-1.0,-1.0,-1.0,-1.0,-1.0
339.0,696.0,339.0,696.0,339.0,696.0,-1.0,-1.0,0.0,0.0
1805.0,816.0,1805.0,816.0,1805.0,816.0,-1.0,-1.0,0.0,0.0
-1.0,-1.0,-1.0,-1.0,-1.0,-1.0,-1.0,-1.0,-1.0,-1.0
298.0,767.0,298.0,767.0,298.0,767.0,-1.0,-1.0,0.0,0.0
1502.0,917.0,1502.0,917.0,1502.0,917.0,-1.0,-1.0,0.0,0.0
-1.0,-1.0,-1.0,-1.0,-1.0,-1.0,-1.0,-1.0,-1.0,-1.0
-1.0,-1.0,-1.0,-1.0,-1.0,-1.0,-1.0,-1.0,-1.0,-1.0
-1.0,-1.0,-1.0,-1.0,-1.0,-1.0,-1.0,-1.0,-1.0,-1.0
-1.0,-1.0,-1.0,-1.0,-1.0,-1.0,-1.0,-1.0,-1.0,-1.0
-1.0,-1.0,-1.0,-1.0,-1.0,-1.0,-1.0,-1.0,-1.0,-1.0
-1.0,-1.0,-1.0,-1.0,-1.0,-1.0,-1.0,-1.0,-1.0,-1.0
-1.0,-1.0,-1.0,-1.0,-1.0,-1.0,-1.0,-1.0,-1.0,-1.0
-1.0,-1.0,-1.0,-1.0,-1.0,-1.0,-1.0,-1.0,-1.0,-1.0
1926.0,654.0,1926.0,654.0,1926.0,654.0,-1.0,-1.0,0.0,0.0
-1.0,-1.0,-1.0,-1.0,-1.0,-1.0,-1.0,-1.0,-1.0,-1.0
-1.0,-1.0,-1.0,-1.0,-1.0,-1.0,-1.0,-1.0,-1.0,-1.0
1911.0,899.0,1911.0,899.0,1911.0,899.0,-1.0,-1.0,0.0,0.0
-1.0,-1.0,-1.0,-1.0,-1.0,-1.0,-1.0,-1.0,-1.0,-1.0
-1.0,-1.0,-1.0,-1.0,-1.0,-1.0,-1.0,-1.0,-1.0,-1.0
1916.0,867.0,1916.0,867.0,1916.0,867.0,-1.0,-1.0,0.0,0.0
-1.0,-1.0,-1.0,-1.0,-1.0,-1.0,-1.0,-1.0,-1.0,-1.0
-1.0,-1.0,-1.0,-1.0,-1.0,-1.0,-1.0,-1.0,-1.0,-1.0
-1.0,-1.0,-1.0,-1.0,-1.0,-1.0,-1.0,-1.0,-1.0,-1.0
-1.0,-1.0,-1.0,-1.0,-1.0,-1.0,-1.0,-1.0,-1.0,-1.0
-1.0,-1.0,-1.0,-1.0,-1.0,-1.0,-1.0,-1.0,-1.0,-1.0
-1.0,-1.0,-1.0,-1.0,-1.0,-1.0,-1.0,-1.0,-1.0,-1.0
-1.0,-1.0,-1.0,-1.0,-1.0,-1.0,-1.0,-1.0,-1.0,-1.0
-1.0,-1.0,-1.0,-1.0,-1.0,-1.0,-1.0,-1.0,-1.0,-1.0
1994.0,770.0,1994.0,770.0,1994.0,770.0,-1.0,-1.0,0.0,0.0
-1.0,-1.0,-1.0,-1.0,-1.0,-1.0,-1.0,-1.0,-1.0,-1.0
-1.0,-1.0,-1.0,-1.0,-1.0,-1.0,-1.0,-1.0,-1.0,-1.0
1925.0,780.0,1925.0,780.0,1925.0,780.0,-1.0,-1.0,0.0,0.0
-1.0,-1.0,-1.0,-1.0,-1.0,-1.0,-1.0,-1.0,-1.0,-1.0
1925.0,780.0,1925.0,780.0,1925.0,780.0,-1.0,-1.0,0.0,0.0
1925.0,780.0,1925.0,780.0,1925.0,780.0,-1.0,-1.0,0.0,0.0
-1.0,-1.0,-1.0,-1.0,-1.0,-1.0,-1.0,-1.0,-1.0,-1.0
-1.0,-1.0,-1.0,-1.0,-1.0,-1.0,-1.0,-1.0,-1.0,-1.0
1995.0,958.0,1995.0,958.0,1995.0,958.0,-1.0,-1.0,0.0,0.0
-1.0,-1.0,-1.0,-1.0,-1.0,-1.0,-1.0,-1.0,-1.0,-1.0
-1.0,-1.0,-1.0,-1.0,-1.0,-1.0,-1.0,-1.0,-1.0,-1.0
-1.0,-1.0,-1.0,-1.0,-1.0,-1.0,-1.0,-1.0,-1.0,-1.0
-1.0,-1.0,-1.0,-1.0,-1.0,-1.0,-1.0,-1.0,-1.0,-1.0
-1.0,-1.0,-1.0,-1.0,-1.0,-1.0,-1.0,-1.0,-1.0,-1.0
1756.0,893.0,1756.0,893.0,1756.0,893.0,-1.0,-1.0,0.0,0.0
-1.0,-1.0,-1.0,-1.0,-1.0,-1.0,-1.0,-1.0,-1.0,-1.0
-1.0,-1.0,-1.0,-1.0,-1.0,-1.0,-1.0,-1.0,-1.0,-1.0
1948.0,841.0,1948.0,841.0,1948.0,841.0,-1.0,-1.0,0.0,0.0
-1.0,-1.0,-1.0,-1.0,-1.0,-1.0,-1.0,-1.0,-1.0,-1.0
-1.0,-1.0,-1.0,-1.0,-1.0,-1.0,-1.0,-1.0,-1.0,-1.0
1915.0,859.0,1915.0,859.0,1915.0,859.0,-1.0,-1.0,0.0,0.0
-1.0,-1.0,-1.0,-1.0,-1.0,-1.0,-1.0,-1.0,-1.0,-1.0
-314.0,10.0,-314.0,10.0,-314.0,10.0,-1.0,-1.0,0.0,0.0
-1.0,-1.0,-1.0,-1.0,-1.0,-1.0,-1.0,-1.0,-1.0,-1.0
-1.0,-1.0,-1.0,-1.0,-1.0,-1.0,-1.0,-1.0,-1.0,-1.0
-1.0,-1.0,-1.0,-1.0,-1.0,-1.0,-1.0,-1.0,-1.0,-1.0
1737.0,888.0,1737.0,888.0,1737.0,888.0,-1.0,-1.0,0.0,0.0
-1.0,-1.0,-1.0,-1.0,-1.0,-1.0,-1.0,-1.0,-1.0,-1.0
-1.0,-1.0,-1.0,-1.0,-1.0,-1.0,-1.0,-1.0,-1.0,-1.0
1737.0,888.0,1737.0,888.0,1737.0,888.0,-1.0,-1.0,0.0,0.0
-1.0,-1.0,-1.0,-1.0,-1.0,-1.0,-1.0,-1.0,-1.0,-1.0
-1.0,-1.0,-1.0,-1.0,-1.0,-1.0,-1.0,-1.0,-1.0,-1.0
-1.0,-1.0,-1.0,-1.0,-1.0,-1.0,-1.0,-1.0,-1.0,-1.0
-1.0,-1.0,-1.0,-1.0,-1.0,-1.0,-1.0,-1.0,-1.0,-1.0
-1.0,-1.0,-1.0,-1.0,-1.0,-1.0,-1.0,-1.0,-1.0,-1.0
-1.0,-1.0,-1.0,-1.0,-1.0,-1.0,-1.0,-1.0,-1.0,-1.0
-1.0,-1.0,-1.0,-1.0,-1.0,-1.0,-1.0,-1.0,-1.0,-1.0
-1.0,-1.0,-1.0,-1.0,-1.0,-1.0,-1.0,-1.0,-1.0,-1.0
-1.0,-1.0,-1.0,-1.0,-1.0,-1.0,-1.0,-1.0,-1.0,-1.0
-1.0,-1.0,-1.0,-1.0,-1.0,-1.0,-1.0,-1.0,-1.0,-1.0
-1.0,-1.0,-1.0,-1.0,-1.0,-1.0,-1.0,-1.0,-1.0,-1.0
-1.0,-1.0,-1.0,-1.0,-1.0,-1.0,-1.0,-1.0,-1.0,-1.0
-1.0,-1.0,-1.0,-1.0,-1.0,-1.0,-1.0,-1.0,-1.0,-1.0
-1.0,-1.0,-1.0,-1.0,-1.0,-1.0,-1.0,-1.0,-1.0,-1.0
1146.0,1009.0,1146.0,1009.0,1146.0,1009.0,-1.0,-1.0,0.0,0.0
-1.0,-1.0,-1.0,-1.0,-1.0,-1.0,-1.0,-1.0,-1.0,-1.0
-1.0,-1.0,-1.0,-1.0,-1.0,-1.0,-1.0,-1.0,-1.0,-1.0
1171.0,977.0,1171.0,977.0,1171.0,977.0,-1.0,-1.0,0.0,0.0
-1.0,-1.0,-1.0,-1.0,-1.0,-1.0,-1.0,-1.0,-1.0,-1.0
560.0,610.0,560.0,610.0,560.0,610.0,-1.0,-1.0,0.0,0.0
1286.0,758.0,1286.0,758.0,1286.0,758.0,-1.0,-1.0,0.0,0.0
-1.0,-1.0,-1.0,-1.0,-1.0,-1.0,-1.0,-1.0,-1.0,-1.0
-1.0,-1.0,-1.0,-1.0,-1.0,-1.0,-1.0,-1.0,-1.0,-1.0
1145.0,1008.0,1145.0,1008.0,1145.0,1008.0,-1.0,-1.0,0.0,0.0
-1.0,-1.0,-1.0,-1.0,-1.0,-1.0,-1.0,-1.0,-1.0,-1.0
-1.0,-1.0,-1.0,-1.0,-1.0,-1.0,-1.0,-1.0,-1.0,-1.0
1132.0,967.0,1132.0,967.0,1132.0,967.0,-1.0,-1.0,0.0,0.0
-1.0,-1.0,-1.0,-1.0,-1.0,-1.0,-1.0,-1.0,-1.0,-1.0
-1.0,-1.0,-1.0,-1.0,-1.0,-1.0,-1.0,-1.0,-1.0,-1.0
1195.0,969.0,1195.0,969.0,1195.0,969.0,-1.0,-1.0,0.0,0.0
-1.0,-1.0,-1.0,-1.0,-1.0,-1.0,-1.0,-1.0,-1.0,-1.0
-1.0,-1.0,-1.0,-1.0,-1.0,-1.0,-1.0,-1.0,-1.0,-1.0
1214.0,976.0,1214.0,976.0,1214.0,976.0,-1.0,-1.0,0.0,0.0
-1.0,-1.0,-1.0,-1.0,-1.0,-1.0,-1.0,-1.0,-1.0,-1.0
1214.0,976.0,1214.0,976.0,1214.0,976.0,-1.0,-1.0,0.0,0.0
1239.0,999.0,1239.0,999.0,1239.0,999.0,-1.0,-1.0,0.0,0.0
-1.0,-1.0,-1.0,-1.0,-1.0,-1.0,-1.0,-1.0,-1.0,-1.0
-1.0,-1.0,-1.0,-1.0,-1.0,-1.0,-1.0,-1.0,-1.0,-1.0
1284.0,986.0,1284.0,986.0,1284.0,986.0,-1.0,-1.0,0.0,0.0
-1.0,-1.0,-1.0,-1.0,-1.0,-1.0,-1.0,-1.0,-1.0,-1.0
-1.0,-1.0,-1.0,-1.0,-1.0,-1.0,-1.0,-1.0,-1.0,-1.0
1257.0,961.0,1257.0,961.0,1257.0,961.0,-1.0,-1.0,0.0,0.0
-1.0,-1.0,-1.0,-1.0,-1.0,-1.0,-1.0,-1.0,-1.0,-1.0
1257.0,961.0,1257.0,961.0,1257.0,961.0,-1.0,-1.0,0.0,0.0
1279.0,966.0,1279.0,966.0,1279.0,966.0,-1.0,-1.0,0.0,0.0
-1.0,-1.0,-1.0,-1.0,-1.0,-1.0,-1.0,-1.0,-1.0,-1.0
-1.0,-1.0,-1.0,-1.0,-1.0,-1.0,-1.0,-1.0,-1.0,-1.0
1528.0,950.0,1528.0,950.0,1528.0,950.0,-1.0,-1.0,0.0,0.0
-1.0,-1.0,-1.0,-1.0,-1.0,-1.0,-1.0,-1.0,-1.0,-1.0
1528.0,950.0,1528.0,950.0,1528.0,950.0,-1.0,-1.0,0.0,0.0
1473.0,942.0,1473.0,942.0,1473.0,942.0,-1.0,-1.0,0.0,0.0
-1.0,-1.0,-1.0,-1.0,-1.0,-1.0,-1.0,-1.0,-1.0,-1.0
-1.0,-1.0,-1.0,-1.0,-1.0,-1.0,-1.0,-1.0,-1.0,-1.0
1466.0,974.0,1393.0,986.0,1429.0,980.0,-1.0,-1.0,0.0,0.0
-1.0,-1.0,-1.0,-1.0,-1.0,-1.0,-1.0,-1.0,-1.0,-1.0
-1.0,-1.0,-1.0,-1.0,-1.0,-1.0,-1.0,-1.0,-1.0,-1.0
1384.0,973.0,1304.0,1001.0,1344.0,987.0,-1.0,-1.0,0.0,0.0
-1.0,-1.0,-1.0,-1.0,-1.0,-1.0,-1.0,-1.0,-1.0,-1.0
-1.0,-1.0,-1.0,-1.0,-1.0,-1.0,-1.0,-1.0,-1.0,-1.0
1424.0,941.0,1360.0,977.0,1392.0,959.0,-1.0,-1.0,0.0,0.0
-1.0,-1.0,-1.0,-1.0,-1.0,-1.0,-1.0,-1.0,-1.0,-1.0
-1.0,-1.0,-1.0,-1.0,-1.0,-1.0,-1.0,-1.0,-1.0,-1.0
1356.0,987.0,1356.0,987.0,1356.0,987.0,-1.0,-1.0,0.0,0.0
-1.0,-1.0,-1.0,-1.0,-1.0,-1.0,-1.0,-1.0,-1.0,-1.0
-1.0,-1.0,-1.0,-1.0,-1.0,-1.0,-1.0,-1.0,-1.0,-1.0
1373.0,973.0,1243.0,1000.0,1308.0,986.0,-1.0,-1.0,0.0,0.0
-1.0,-1.0,-1.0,-1.0,-1.0,-1.0,-1.0,-1.0,-1.0,-1.0
-1.0,-1.0,-1.0,-1.0,-1.0,-1.0,-1.0,-1.0,-1.0,-1.0
1380.0,951.0,1380.0,951.0,1380.0,951.0,-1.0,-1.0,0.0,0.0
-1.0,-1.0,-1.0,-1.0,-1.0,-1.0,-1.0,-1.0,-1.0,-1.0
-1.0,-1.0,-1.0,-1.0,-1.0,-1.0,-1.0,-1.0,-1.0,-1.0
1404.0,948.0,1295.0,982.0,1349.0,965.0,-1.0,-1.0,0.0,0.0
-1.0,-1.0,-1.0,-1.0,-1.0,-1.0,-1.0,-1.0,-1.0,-1.0
-1.0,-1.0,-1.0,-1.0,-1.0,-1.0,-1.0,-1.0,-1.0,-1.0
1390.0,958.0,1390.0,958.0,1390.0,958.0,-1.0,-1.0,0.0,0.0
-1.0,-1.0,-1.0,-1.0,-1.0,-1.0,-1.0,-1.0,-1.0,-1.0
-1.0,-1.0,-1.0,-1.0,-1.0,-1.0,-1.0,-1.0,-1.0,-1.0
1366.0,930.0,1366.0,930.0,1366.0,930.0,-1.0,-1.0,0.0,0.0
-1.0,-1.0,-1.0,-1.0,-1.0,-1.0,-1.0,-1.0,-1.0,-1.0
-1.0,-1.0,-1.0,-1.0,-1.0,-1.0,-1.0,-1.0,-1.0,-1.0
1392.0,969.0,1392.0,969.0,1392.0,969.0,-1.0,-1.0,0.0,0.0
-1.0,-1.0,-1.0,-1.0,-1.0,-1.0,-1.0,-1.0,-1.0,-1.0
-1.0,-1.0,-1.0,-1.0,-1.0,-1.0,-1.0,-1.0,-1.0,-1.0
1376.0,955.0,1376.0,955.0,1376.0,955.0,-1.0,-1.0,0.0,0.0
-1.0,-1.0,-1.0,-1.0,-1.0,-1.0,-1.0,-1.0,-1.0,-1.0
-1.0,-1.0,-1.0,-1.0,-1.0,-1.0,-1.0,-1.0,-1.0,-1.0
-1.0,-1.0,-1.0,-1.0,-1.0,-1.0,-1.0,-1.0,-1.0,-1.0
-1.0,-1.0,-1.0,-1.0,-1.0,-1.0,-1.0,-1.0,-1.0,-1.0
1376.0,955.0,1376.0,955.0,1376.0,955.0,-1.0,-1.0,0.0,0.0
1426.0,949.0,1426.0,949.0,1426.0,949.0,-1.0,-1.0,0.0,0.0
-1.0,-1.0,-1.0,-1.0,-1.0,-1.0,-1.0,-1.0,-1.0,-1.0
-1.0,-1.0,-1.0,-1.0,-1.0,-1.0,-1.0,-1.0,-1.0,-1.0
1444.0,965.0,1444.0,965.0,1444.0,965.0,-1.0,-1.0,0.0,0.0
-1.0,-1.0,-1.0,-1.0,-1.0,-1.0,-1.0,-1.0,-1.0,-1.0
1444.0,965.0,1444.0,965.0,1444.0,965.0,-1.0,-1.0,0.0,0.0
1397.0,987.0,1397.0,987.0,1397.0,987.0,-1.0,-1.0,0.0,0.0
1132.0,997.0,1132.0,997.0,1132.0,997.0,2.53,2.53,0.0,0.0
-1.0,-1.0,-1.0,-1.0,-1.0,-1.0,-1.0,-1.0,-1.0,-1.0
1130.0,992.0,1130.0,992.0,1130.0,992.0,-1.0,-1.0,0.0,0.0
-1.0,-1.0,-1.0,-1.0,-1.0,-1.0,-1.0,-1.0,-1.0,-1.0
-1.0,-1.0,-1.0,-1.0,-1.0,-1.0,-1.0,-1.0,-1.0,-1.0
1117.0,991.0,1117.0,991.0,1117.0,991.0,-1.0,-1.0,0.0,0.0
-1.0,-1.0,-1.0,-1.0,-1.0,-1.0,-1.0,-1.0,-1.0,-1.0
-1.0,-1.0,-1.0,-1.0,-1.0,-1.0,-1.0,-1.0,-1.0,-1.0
1377.0,967.0,1377.0,967.0,1377.0,967.0,-1.0,-1.0,0.0,0.0
-1.0,-1.0,-1.0,-1.0,-1.0,-1.0,-1.0,-1.0,-1.0,-1.0
-1.0,-1.0,-1.0,-1.0,-1.0,-1.0,-1.0,-1.0,-1.0,-1.0
1334.0,968.0,1334.0,968.0,1334.0,968.0,-1.0,-1.0,0.0,0.0
-1.0,-1.0,-1.0,-1.0,-1.0,-1.0,-1.0,-1.0,-1.0,-1.0
-1.0,-1.0,-1.0,-1.0,-1.0,-1.0,-1.0,-1.0,-1.0,-1.0
1374.0,998.0,1374.0,998.0,1374.0,998.0,-1.0,-1.0,0.0,0.0
-1.0,-1.0,-1.0,-1.0,-1.0,-1.0,-1.0,-1.0,-1.0,-1.0
1374.0,998.0,1374.0,998.0,1374.0,998.0,-1.0,-1.0,0.0,0.0
1348.0,994.0,1348.0,994.0,1348.0,994.0,-1.0,-1.0,0.0,0.0
-1.0,-1.0,-1.0,-1.0,-1.0,-1.0,-1.0,-1.0,-1.0,-1.0
1348.0,994.0,1348.0,994.0,1348.0,994.0,-1.0,-1.0,0.0,0.0
1378.0,963.0,1378.0,963.0,1378.0,963.0,-1.0,-1.0,0.0,0.0
-1.0,-1.0,-1.0,-1.0,-1.0,-1.0,-1.0,-1.0,-1.0,-1.0
-1.0,-1.0,-1.0,-1.0,-1.0,-1.0,-1.0,-1.0,-1.0,-1.0
1373.0,976.0,1373.0,976.0,1373.0,976.0,-1.0,-1.0,0.0,0.0
-1.0,-1.0,-1.0,-1.0,-1.0,-1.0,-1.0,-1.0,-1.0,-1.0
-1.0,-1.0,-1.0,-1.0,-1.0,-1.0,-1.0,-1.0,-1.0,-1.0
1365.0,990.0,1327.0,995.0,1346.0,992.0,-1.0,-1.0,0.0,0.0
-1.0,-1.0,-1.0,-1.0,-1.0,-1.0,-1.0,-1.0,-1.0,-1.0
-1.0,-1.0,-1.0,-1.0,-1.0,-1.0,-1.0,-1.0,-1.0,-1.0
1374.0,965.0,1374.0,965.0,1374.0,965.0,-1.0,-1.0,0.0,0.0
-1.0,-1.0,-1.0,-1.0,-1.0,-1.0,-1.0,-1.0,-1.0,-1.0
-1.0,-1.0,-1.0,-1.0,-1.0,-1.0,-1.0,-1.0,-1.0,-1.0
1369.0,986.0,1369.0,986.0,1369.0,986.0,-1.0,-1.0,0.0,0.0
1136.0,1018.0,1136.0,1018.0,1136.0,1018.0,2.14,2.14,0.0,0.0
-1.0,-1.0,-1.0,-1.0,-1.0,-1.0,-1.0,-1.0,-1.0,-1.0
1390.0,969.0,1390.0,969.0,1390.0,969.0,-1.0,-1.0,0.0,0.0
-1.0,-1.0,-1.0,-1.0,-1.0,-1.0,-1.0,-1.0,-1.0,-1.0
-1.0,-1.0,-1.0,-1.0,-1.0,-1.0,-1.0,-1.0,-1.0,-1.0
1370.0,965.0,1370.0,965.0,1370.0,965.0,-1.0,-1.0,0.0,0.0
-1.0,-1.0,-1.0,-1.0,-1.0,-1.0,-1.0,-1.0,-1.0,-1.0
-1.0,-1.0,-1.0,-1.0,-1.0,-1.0,-1.0,-1.0,-1.0,-1.0
1368.0,973.0,1368.0,973.0,1368.0,973.0,-1.0,-1.0,0.0,0.0
-1.0,-1.0,-1.0,-1.0,-1.0,-1.0,-1.0,-1.0,-1.0,-1.0
1084.0,1099.0,1084.0,1099.0,1084.0,1099.0,-1.0,-1.0,0.0,0.0
1439.0,991.0,1439.0,991.0,1439.0,991.0,-1.0,-1.0,0.0,0.0
1119.0,1082.0,1119.0,1082.0,1119.0,1082.0,2.24,2.24,0.0,0.0
-1.0,-1.0,-1.0,-1.0,-1.0,-1.0,-1.0,-1.0,-1.0,-1.0
1435.0,973.0,1435.0,973.0,1435.0,973.0,-1.0,-1.0,0.0,0.0
1108.0,1077.0,1108.0,1077.0,1108.0,1077.0,2.37,2.37,0.0,0.0
-1.0,-1.0,-1.0,-1.0,-1.0,-1.0,-1.0,-1.0,-1.0,-1.0
1449.0,1004.0,1449.0,1004.0,1449.0,1004.0,-1.0,-1.0,0.0,0.0
1159.0,1024.0,1159.0,1024.0,1159.0,1024.0,2.21,2.21,0.0,0.0
-1.0,-1.0,-1.0,-1.0,-1.0,-1.0,-1.0,-1.0,-1.0,-1.0
1426.0,964.0,1426.0,964.0,1426.0,964.0,-1.0,-1.0,0.0,0.0
-1.0,-1.0,-1.0,-1.0,-1.0,-1.0,-1.0,-1.0,-1.0,-1.0
-1.0,-1.0,-1.0,-1.0,-1.0,-1.0,-1.0,-1.0,-1.0,-1.0
1418.0,974.0,1418.0,974.0,1418.0,974.0,-1.0,-1.0,0.0,0.0
-1.0,-1.0,-1.0,-1.0,-1.0,-1.0,-1.0,-1.0,-1.0,-1.0
-1.0,-1.0,-1.0,-1.0,-1.0,-1.0,-1.0,-1.0,-1.0,-1.0
1411.0,946.0,1407.0,976.0,1409.0,961.0,-1.0,-1.0,0.0,0.0
-1.0,-1.0,-1.0,-1.0,-1.0,-1.0,-1.0,-1.0,-1.0,-1.0
-1.0,-1.0,-1.0,-1.0,-1.0,-1.0,-1.0,-1.0,-1.0,-1.0
1414.0,985.0,1420.0,1006.0,1417.0,995.0,-1.0,-1.0,0.0,0.0
-1.0,-1.0,-1.0,-1.0,-1.0,-1.0,-1.0,-1.0,-1.0,-1.0
-1.0,-1.0,-1.0,-1.0,-1.0,-1.0,-1.0,-1.0,-1.0,-1.0
-149.0,1161.0,-149.0,1161.0,-149.0,1161.0,-1.0,-1.0,0.0,0.0
-1.0,-1.0,-1.0,-1.0,-1.0,-1.0,-1.0,-1.0,-1.0,-1.0
-1.0,-1.0,-1.0,-1.0,-1.0,-1.0,-1.0,-1.0,-1.0,-1.0
1235.0,960.0,1235.0,960.0,1235.0,960.0,-1.0,-1.0,0.0,0.0
-1.0,-1.0,-1.0,-1.0,-1.0,-1.0,-1.0,-1.0,-1.0,-1.0
-1.0,-1.0,-1.0,-1.0,-1.0,-1.0,-1.0,-1.0,-1.0,-1.0
1059.0,983.0,1059.0,983.0,1059.0,983.0,-1.0,-1.0,0.0,0.0
-1.0,-1.0,-1.0,-1.0,-1.0,-1.0,-1.0,-1.0,-1.0,-1.0
-1.0,-1.0,-1.0,-1.0,-1.0,-1.0,-1.0,-1.0,-1.0,-1.0
1081.0,1027.0,1099.0,1010.0,1090.0,1018.0,-1.0,-1.0,0.0,0.0
-1.0,-1.0,-1.0,-1.0,-1.0,-1.0,-1.0,-1.0,-1.0,-1.0
-1.0,-1.0,-1.0,-1.0,-1.0,-1.0,-1.0,-1.0,-1.0,-1.0
1190.0,966.0,1062.0,1014.0,1126.0,990.0,-1.0,-1.0,0.0,0.0
-1.0,-1.0,-1.0,-1.0,-1.0,-1.0,-1.0,-1.0,-1.0,-1.0
1190.0,966.0,1190.0,966.0,1190.0,966.0,-1.0,-1.0,0.0,0.0
1304.0,608.0,1164.0,995.0,1234.0,801.0,-1.0,-1.0,0.0,0.0
-1.0,-1.0,-1.0,-1.0,-1.0,-1.0,-1.0,-1.0,-1.0,-1.0
-1.0,-1.0,-1.0,-1.0,-1.0,-1.0,-1.0,-1.0,-1.0,-1.0
-1.0,-1.0,-1.0,-1.0,-1.0,-1.0,-1.0,-1.0,-1.0,-1.0
-1.0,-1.0,-1.0,-1.0,-1.0,-1.0,-1.0,-1.0,-1.0,-1.0
-1.0,-1.0,-1.0,-1.0,-1.0,-1.0,-1.0,-1.0,-1.0,-1.0
1170.0,969.0,1170.0,969.0,1170.0,969.0,-1.0,-1.0,0.0,0.0
-1.0,-1.0,-1.0,-1.0,-1.0,-1.0,-1.0,-1.0,-1.0,-1.0
1367.0,752.0,1367.0,752.0,1367.0,752.0,-1.0,-1.0,0.0,0.0
1062.0,1042.0,1062.0,1042.0,1062.0,1042.0,-1.0,-1.0,0.0,0.0
-1.0,-1.0,-1.0,-1.0,-1.0,-1.0,-1.0,-1.0,-1.0,-1.0
-1.0,-1.0,-1.0,-1.0,-1.0,-1.0,-1.0,-1.0,-1.0,-1.0
1027.0,1020.0,1027.0,1020.0,1027.0,1020.0,-1.0,-1.0,0.0,0.0
-1.0,-1.0,-1.0,-1.0,-1.0,-1.0,-1.0,-1.0,-1.0,-1.0
-1.0,-1.0,-1.0,-1.0,-1.0,-1.0,-1.0,-1.0,-1.0,-1.0
1185.0,980.0,1060.0,1017.0,1122.0,998.0,-1.0,-1.0,0.0,0.0
-1.0,-1.0,-1.0,-1.0,-1.0,-1.0,-1.0,-1.0,-1.0,-1.0
-1.0,-1.0,-1.0,-1.0,-1.0,-1.0,-1.0,-1.0,-1.0,-1.0
1334.0,980.0,1238.0,1007.0,1286.0,993.0,-1.0,-1.0,0.0,0.0
-1.0,-1.0,-1.0,-1.0,-1.0,-1.0,-1.0,-1.0,-1.0,-1.0
1244.0,1004.0,1244.0,1004.0,1244.0,1004.0,-1.0,-1.0,0.0,0.0
1392.0,954.0,1244.0,1004.0,1318.0,979.0,-1.0,-1.0,0.0,0.0
-1.0,-1.0,-1.0,-1.0,-1.0,-1.0,-1.0,-1.0,-1.0,-1.0
1242.0,1000.0,1242.0,1000.0,1242.0,1000.0,-1.0,-1.0,0.0,0.0
1381.0,978.0,1243.0,1000.0,1312.0,989.0,-1.0,-1.0,0.0,0.0
-1.0,-1.0,-1.0,-1.0,-1.0,-1.0,-1.0,-1.0,-1.0,-1.0
1269.0,1027.0,1269.0,1027.0,1269.0,1027.0,-1.0,-1.0,0.0,0.0
1376.0,962.0,1269.0,1027.0,1322.0,994.0,-1.0,-1.0,0.0,0.0
-1.0,-1.0,-1.0,-1.0,-1.0,-1.0,-1.0,-1.0,-1.0,-1.0
1376.0,962.0,1262.0,1016.0,1319.0,989.0,-1.0,-1.0,0.0,0.0
1340.0,1011.0,1262.0,1016.0,1301.0,1013.0,-1.0,-1.0,0.0,0.0
-1.0,-1.0,-1.0,-1.0,-1.0,-1.0,-1.0,-1.0,-1.0,-1.0
1202.0,1041.0,1202.0,1041.0,1202.0,1041.0,-1.0,-1.0,0.0,0.0
1326.0,1017.0,1326.0,1017.0,1326.0,1017.0,-1.0,-1.0,0.0,0.0
-1.0,-1.0,-1.0,-1.0,-1.0,-1.0,-1.0,-1.0,-1.0,-1.0
1229.0,1026.0,1229.0,1026.0,1229.0,1026.0,-1.0,-1.0,0.0,0.0
1328.0,991.0,1328.0,991.0,1328.0,991.0,-1.0,-1.0,0.0,0.0
-1.0,-1.0,-1.0,-1.0,-1.0,-1.0,-1.0,-1.0,-1.0,-1.0
1216.0,1073.0,1216.0,1073.0,1216.0,1073.0,-1.0,-1.0,0.0,0.0
1314.0,973.0,1224.0,1066.0,1269.0,1019.0,-1.0,-1.0,0.0,0.0
-1.0,-1.0,-1.0,-1.0,-1.0,-1.0,-1.0,-1.0,-1.0,-1.0
1314.0,973.0,1256.0,999.0,1285.0,986.0,-1.0,-1.0,0.0,0.0
1360.0,971.0,1256.0,999.0,1308.0,985.0,-1.0,-1.0,0.0,0.0
-1.0,-1.0,-1.0,-1.0,-1.0,-1.0,-1.0,-1.0,-1.0,-1.0
1185.0,1045.0,1185.0,1045.0,1185.0,1045.0,-1.0,-1.0,0.0,0.0
1354.0,985.0,1186.0,1042.0,1270.0,1013.0,-1.0,-1.0,0.0,0.0
-1.0,-1.0,-1.0,-1.0,-1.0,-1.0,-1.0,-1.0,-1.0,-1.0
1227.0,1030.0,1227.0,1030.0,1227.0,1030.0,-1.0,-1.0,0.0,0.0
1353.0,1001.0,1234.0,1028.0,1293.0,1014.0,-1.0,-1.0,0.0,0.0
-1.0,-1.0,-1.0,-1.0,-1.0,-1.0,-1.0,-1.0,-1.0,-1.0
1229.0,1017.0,1229.0,1017.0,1229.0,1017.0,-1.0,-1.0,0.0,0.0
1361.0,960.0,1230.0,1020.0,1295.0,990.0,-1.0,-1.0,0.0,0.0
-1.0,-1.0,-1.0,-1.0,-1.0,-1.0,-1.0,-1.0,-1.0,-1.0
-1.0,-1.0,-1.0,-1.0,-1.0,-1.0,-1.0,-1.0,-1.0,-1.0
-1.0,-1.0,-1.0,-1.0,-1.0,-1.0,-1.0,-1.0,-1.0,-1.0
-1.0,-1.0,-1.0,-1.0,-1.0,-1.0,-1.0,-1.0,-1.0,-1.0
-1.0,-1.0,-1.0,-1.0,-1.0,-1.0,-1.0,-1.0,-1.0,-1.0
-1.0,-1.0,-1.0,-1.0,-1.0,-1.0,-1.0,-1.0,-1.0,-1.0
-1.0,-1.0,-1.0,-1.0,-1.0,-1.0,-1.0,-1.0,-1.0,-1.0
793.0,984.0,793.0,984.0,793.0,984.0,-1.0,-1.0,0.0,0.0
-1.0,-1.0,-1.0,-1.0,-1.0,-1.0,-1.0,-1.0,-1.0,-1.0
-1.0,-1.0,-1.0,-1.0,-1.0,-1.0,-1.0,-1.0,-1.0,-1.0
-1.0,-1.0,-1.0,-1.0,-1.0,-1.0,-1.0,-1.0,-1.0,-1.0
-1.0,-1.0,-1.0,-1.0,-1.0,-1.0,-1.0,-1.0,-1.0,-1.0
-1.0,-1.0,-1.0,-1.0,-1.0,-1.0,-1.0,-1.0,-1.0,-1.0
-1.0,-1.0,-1.0,-1.0,-1.0,-1.0,-1.0,-1.0,-1.0,-1.0
-1.0,-1.0,-1.0,-1.0,-1.0,-1.0,-1.0,-1.0,-1.0,-1.0
-1.0,-1.0,-1.0,-1.0,-1.0,-1.0,-1.0,-1.0,-1.0,-1.0
-1.0,-1.0,-1.0,-1.0,-1.0,-1.0,-1.0,-1.0,-1.0,-1.0
-1.0,-1.0,-1.0,-1.0,-1.0,-1.0,-1.0,-1.0,-1.0,-1.0
-1.0,-1.0,-1.0,-1.0,-1.0,-1.0,-1.0,-1.0,-1.0,-1.0
-1.0,-1.0,-1.0,-1.0,-1.0,-1.0,-1.0,-1.0,-1.0,-1.0
-1.0,-1.0,-1.0,-1.0,-1.0,-1.0,-1.0,-1.0,-1.0,-1.0
-1.0,-1.0,-1.0,-1.0,-1.0,-1.0,-1.0,-1.0,-1.0,-1.0
-1.0,-1.0,-1.0,-1.0,-1.0,-1.0,-1.0,-1.0,-1.0,-1.0
-1.0,-1.0,-1.0,-1.0,-1.0,-1.0,-1.0,-1.0,-1.0,-1.0
-1.0,-1.0,-1.0,-1.0,-1.0,-1.0,-1.0,-1.0,-1.0,-1.0
567.0,851.0,567.0,851.0,567.0,851.0,-1.0,-1.0,0.0,0.0
-1.0,-1.0,-1.0,-1.0,-1.0,-1.0,-1.0,-1.0,-1.0,-1.0
-1.0,-1.0,-1.0,-1.0,-1.0,-1.0,-1.0,-1.0,-1.0,-1.0
644.0,936.0,644.0,936.0,644.0,936.0,-1.0,-1.0,0.0,0.0
973.0,1042.0,973.0,1042.0,973.0,1042.0,-1.0,-1.0,0.0,0.0
-1.0,-1.0,-1.0,-1.0,-1.0,-1.0,-1.0,-1.0,-1.0,-1.0
737.0,986.0,737.0,986.0,737.0,986.0,-1.0,-1.0,0.0,0.0
-1.0,-1.0,-1.0,-1.0,-1.0,-1.0,-1.0,-1.0,-1.0,-1.0
-1.0,-1.0,-1.0,-1.0,-1.0,-1.0,-1.0,-1.0,-1.0,-1.0
670.0,995.0,670.0,995.0,670.0,995.0,-1.0,-1.0,0.0,0.0
-1.0,-1.0,-1.0,-1.0,-1.0,-1.0,-1.0,-1.0,-1.0,-1.0
406.0,983.0,406.0,983.0,406.0,983.0,1.89,1.89,0.0,0.0
259.0,954.0,361.0,996.0,310.0,975.0,-1.0,-1.0,0.0,0.0
-1.0,-1.0,-1.0,-1.0,-1.0,-1.0,-1.0,-1.0,-1.0,-1.0
517.0,1078.0,517.0,1078.0,517.0,1078.0,2.5,2.5,0.0,0.0
264.0,943.0,522.0,1082.0,393.0,1012.0,-1.0,-1.0,0.0,0.0
-1.0,-1.0,-1.0,-1.0,-1.0,-1.0,-1.0,-1.0,-1.0,-1.0
-1.0,-1.0,-1.0,-1.0,-1.0,-1.0,-1.0,-1.0,-1.0,-1.0
207.0,953.0,509.0,1071.0,358.0,1012.0,-1.0,-1.0,0.0,0.0
-1.0,-1.0,-1.0,-1.0,-1.0,-1.0,-1.0,-1.0,-1.0,-1.0
-1.0,-1.0,-1.0,-1.0,-1.0,-1.0,-1.0,-1.0,-1.0,-1.0
259.0,942.0,357.0,999.0,308.0,970.0,-1.0,-1.0,0.0,0.0
-1.0,-1.0,-1.0,-1.0,-1.0,-1.0,-1.0,-1.0,-1.0,-1.0
-1.0,-1.0,-1.0,-1.0,-1.0,-1.0,-1.0,-1.0,-1.0,-1.0
221.0,958.0,359.0,1006.0,290.0,982.0,-1.0,-1.0,0.0,0.0
-1.0,-1.0,-1.0,-1.0,-1.0,-1.0,-1.0,-1.0,-1.0,-1.0
-1.0,-1.0,-1.0,-1.0,-1.0,-1.0,-1.0,-1.0,-1.0,-1.0
293.0,955.0,312.0,986.0,302.0,970.0,-1.0,-1.0,0.0,0.0
-1.0,-1.0,-1.0,-1.0,-1.0,-1.0,-1.0,-1.0,-1.0,-1.0
-1.0,-1.0,-1.0,-1.0,-1.0,-1.0,-1.0,-1.0,-1.0,-1.0
230.0,937.0,300.0,979.0,265.0,958.0,-1.0,-1.0,0.0,0.0
300.0,979.0,300.0,979.0,300.0,979.0,-1.0,-1.0,0.0,0.0
420.0,952.0,420.0,952.0,420.0,952.0,2.28,2.28,0.0,0.0
413.0,955.0,339.0,1005.0,376.0,980.0,-1.0,-1.0,0.0,0.0
-1.0,-1.0,-1.0,-1.0,-1.0,-1.0,-1.0,-1.0,-1.0,-1.0
396.0,1026.0,396.0,1026.0,396.0,1026.0,2.52,2.52,0.0,0.0
414.0,956.0,336.0,1008.0,375.0,982.0,-1.0,-1.0,0.0,0.0
-1.0,-1.0,-1.0,-1.0,-1.0,-1.0,-1.0,-1.0,-1.0,-1.0
-1.0,-1.0,-1.0,-1.0,-1.0,-1.0,-1.0,-1.0,-1.0,-1.0
235.0,938.0,463.0,1058.0,349.0,998.0,-1.0,-1.0,0.0,0.0
-1.0,-1.0,-1.0,-1.0,-1.0,-1.0,-1.0,-1.0,-1.0,-1.0
-1.0,-1.0,-1.0,-1.0,-1.0,-1.0,-1.0,-1.0,-1.0,-1.0
236.0,970.0,289.0,934.0,262.0,952.0,-1.0,-1.0,0.0,0.0
-1.0,-1.0,-1.0,-1.0,-1.0,-1.0,-1.0,-1.0,-1.0,-1.0
-1.0,-1.0,-1.0,-1.0,-1.0,-1.0,-1.0,-1.0,-1.0,-1.0
229.0,955.0,261.0,998.0,245.0,976.0,-1.0,-1.0,0.0,0.0
-1.0,-1.0,-1.0,-1.0,-1.0,-1.0,-1.0,-1.0,-1.0,-1.0
-1.0,-1.0,-1.0,-1.0,-1.0,-1.0,-1.0,-1.0,-1.0,-1.0
250.0,957.0,338.0,1000.0,294.0,978.0,-1.0,-1.0,0.0,0.0
-1.0,-1.0,-1.0,-1.0,-1.0,-1.0,-1.0,-1.0,-1.0,-1.0
-1.0,-1.0,-1.0,-1.0,-1.0,-1.0,-1.0,-1.0,-1.0,-1.0
236.0,936.0,328.0,992.0,282.0,964.0,-1.0,-1.0,0.0,0.0
328.0,992.0,328.0,992.0,328.0,992.0,-1.0,-1.0,0.0,0.0
-1.0,-1.0,-1.0,-1.0,-1.0,-1.0,-1.0,-1.0,-1.0,-1.0
339.0,936.0,479.0,981.0,409.0,958.0,-1.0,-1.0,0.0,0.0
-1.0,-1.0,-1.0,-1.0,-1.0,-1.0,-1.0,-1.0,-1.0,-1.0
-1.0,-1.0,-1.0,-1.0,-1.0,-1.0,-1.0,-1.0,-1.0,-1.0
665.0,950.0,665.0,950.0,665.0,950.0,-1.0,-1.0,0.0,0.0
-1.0,-1.0,-1.0,-1.0,-1.0,-1.0,-1.0,-1.0,-1.0,-1.0
-1.0,-1.0,-1.0,-1.0,-1.0,-1.0,-1.0,-1.0,-1.0,-1.0
716.0,966.0,716.0,966.0,716.0,966.0,-1.0,-1.0,0.0,0.0
835.0,1017.0,835.0,1017.0,835.0,1017.0,-1.0,-1.0,0.0,0.0
-1.0,-1.0,-1.0,-1.0,-1.0,-1.0,-1.0,-1.0,-1.0,-1.0
619.0,971.0,619.0,971.0,619.0,971.0,-1.0,-1.0,0.0,0.0
761.0,1018.0,761.0,1018.0,761.0,1018.0,-1.0,-1.0,0.0,0.0
-1.0,-1.0,-1.0,-1.0,-1.0,-1.0,-1.0,-1.0,-1.0,-1.0
715.0,972.0,715.0,972.0,715.0,972.0,-1.0,-1.0,0.0,0.0
768.0,1003.0,768.0,1003.0,768.0,1003.0,-1.0,-1.0,0.0,0.0
-1.0,-1.0,-1.0,-1.0,-1.0,-1.0,-1.0,-1.0,-1.0,-1.0
705.0,963.0,705.0,963.0,705.0,963.0,-1.0,-1.0,0.0,0.0
769.0,1035.0,769.0,1035.0,769.0,1035.0,-1.0,-1.0,0.0,0.0
-1.0,-1.0,-1.0,-1.0,-1.0,-1.0,-1.0,-1.0,-1.0,-1.0
656.0,964.0,656.0,964.0,656.0,964.0,-1.0,-1.0,0.0,0.0
777.0,998.0,777.0,998.0,777.0,998.0,-1.0,-1.0,0.0,0.0
-1.0,-1.0,-1.0,-1.0,-1.0,-1.0,-1.0,-1.0,-1.0,-1.0
668.0,994.0,668.0,994.0,668.0,994.0,-1.0,-1.0,0.0,0.0
786.0,999.0,786.0,999.0,786.0,999.0,-1.0,-1.0,0.0,0.0
-1.0,-1.0,-1.0,-1.0,-1.0,-1.0,-1.0,-1.0,-1.0,-1.0
697.0,964.0,697.0,964.0,697.0,964.0,-1.0,-1.0,0.0,0.0
735.0,1024.0,735.0,1024.0,735.0,1024.0,-1.0,-1.0,0.0,0.0
