gaze_0_x,gaze_0_y,gaze_0_z,gaze_1_x,gaze_1_y,gaze_1_z,gaze_avg_x,gaze_avg_y,gaze_avg_z
0.174544,0.168766,-0.970079,0.072733,0.187212,-0.979623,0.12363850000000001,0.177989,-0.974851
0.169671,0.171426,-0.970477,0.069795,0.182161,-0.980788,0.11973299999999999,0.1767935,-0.9756325
0.130976,0.160654,-0.978282,0.079728,0.140594,-0.986852,0.105352,0.15062399999999998,-0.982567
0.168526,0.152932,-0.973761,0.076715,0.166964,-0.982974,0.12262050000000001,0.159948,-0.9783675000000001
0.176976,0.148733,-0.972912,0.094656,0.173564,-0.980263,0.135816,0.1611485,-0.9765874999999999
0.23111,0.136618,-0.963288,0.078737,0.170155,-0.982267,0.1549235,0.15338649999999998,-0.9727775000000001
0.216101,0.192814,-0.957143,0.074314,0.178461,-0.981137,0.1452075,0.1856375,-0.96914
0.170167,0.234864,-0.957017,0.139646,0.241229,-0.960369,0.1549065,0.2380465,-0.958693
0.219484,0.203298,-0.954199,0.176535,0.212264,-0.961134,0.1980095,0.207781,-0.9576665
0.18554,0.213958,-0.95906,0.050866,0.142765,-0.988449,0.118203,0.1783615,-0.9737545000000001
0.190871,0.201763,-0.960656,0.10419,0.213047,-0.971471,0.1475305,0.207405,-0.9660635
0.214717,0.189469,-0.958122,0.102258,0.204672,-0.973475,0.1584875,0.19707049999999998,-0.9657985
0.220129,0.188188,-0.957146,0.109912,0.211765,-0.97112,0.1650205,0.1999765,-0.964133
0.18406,0.19101,-0.964177,0.135896,0.207559,-0.968737,0.159978,0.1992845,-0.9664569999999999
0.182085,0.170334,-0.968417,0.114271,0.224067,-0.967851,0.148178,0.1972005,-0.968134
0.200822,0.177762,-0.963365,0.114924,0.215144,-0.969797,0.15787299999999999,0.196453,-0.966581
0.203941,0.18494,-0.961356,0.107421,0.218426,-0.969923,0.155681,0.201683,-0.9656395
0.198978,0.157677,-0.967236,0.108163,0.206792,-0.972388,0.1535705,0.18223450000000002,-0.969812
0.199251,0.16119,-0.966601,0.119823,0.203695,-0.971674,0.159537,0.1824425,-0.9691375
0.203268,0.190797,-0.960353,0.113352,0.224794,-0.967791,0.15831,0.2077955,-0.964072
0.195494,0.171594,-0.965576,0.11173,0.208399,-0.971641,0.153612,0.1899965,-0.9686085
0.209035,0.176158,-0.961911,0.118674,0.220165,-0.968217,0.16385450000000001,0.1981615,-0.9650639999999999
0.181531,0.198119,-0.963221,0.119813,0.200934,-0.97225,0.150672,0.1995265,-0.9677355
0.167544,0.181446,-0.969023,0.114688,0.190108,-0.975041,0.141116,0.185777,-0.972032
0.16719,0.206859,-0.96398,0.131075,0.211298,-0.968593,0.1491325,0.2090785,-0.9662865
0.126558,0.207995,-0.969908,0.117614,0.227776,-0.966584,0.122086,0.2178855,-0.9682459999999999
0.136162,0.198688,-0.970558,0.107356,0.20874,-0.972061,0.121759,0.203714,-0.9713095
0.140103,0.194889,-0.970767,0.11024,0.215016,-0.970369,0.1251715,0.2049525,-0.9705680000000001
0.142083,0.176135,-0.974058,0.081103,0.215287,-0.973177,0.111593,0.19571100000000002,-0.9736175
0.138466,0.183033,-0.973307,0.089383,0.213625,-0.972818,0.11392450000000001,0.198329,-0.9730624999999999
0.140677,0.189673,-0.971717,0.098302,0.200652,-0.974718,0.1194895,0.19516250000000002,-0.9732175000000001
0.143709,0.165814,-0.97563,0.079616,0.190938,-0.978368,0.1116625,0.17837599999999998,-0.976999
0.158059,0.22563,-0.961306,0.095003,0.251545,-0.963172,0.126531,0.2385875,-0.9622390000000001
0.117785,0.231641,-0.965644,0.114438,0.237937,-0.964516,0.1161115,0.23478900000000003,-0.9650799999999999
0.123087,0.190873,-0.973867,0.105098,0.20922,-0.972205,0.1140925,0.2000465,-0.973036
0.137087,0.187899,-0.972575,0.111266,0.204288,-0.972567,0.1241765,0.1960935,-0.972571
0.069154,0.154465,-0.985575,0.077004,0.193053,-0.978162,0.073079,0.173759,-0.9818685
0.060078,0.194789,-0.979003,0.110514,0.191942,-0.975164,0.085296,0.1933655,-0.9770835
0.103428,0.169409,-0.980104,0.107731,0.167706,-0.979933,0.10557949999999999,0.1685575,-0.9800185
0.110517,0.176574,-0.978063,0.112076,0.174749,-0.978214,0.11129649999999999,0.1756615,-0.9781385
0.083239,0.183652,-0.979461,0.098368,0.184968,-0.977809,0.0908035,0.18431,-0.978635
0.046525,0.255579,-0.965668,0.077337,0.212056,-0.974193,0.061931,0.2338175,-0.9699305
0.098202,0.223653,-0.969709,0.069752,0.189022,-0.979492,0.083977,0.2063375,-0.9746005
0.08283,0.198907,-0.976512,0.123754,0.181859,-0.975506,0.103292,0.190383,-0.976009
0.081287,0.20188,-0.976031,0.11905,0.192341,-0.97408,0.1001685,0.19711050000000002,-0.9750555
0.11184,0.215945,-0.969979,0.126398,0.214201,-0.968577,0.119119,0.21507300000000001,-0.9692780000000001
0.090596,0.225945,-0.969918,0.072793,0.232942,-0.969762,0.0816945,0.22944350000000002,-0.96984
0.075192,0.18486,-0.979884,0.026166,0.203523,-0.97872,0.050678999999999995,0.19419150000000002,-0.979302
0.030423,0.161857,-0.986345,0.050016,0.169456,-0.984268,0.0402195,0.16565649999999998,-0.9853065000000001
0.042459,0.204978,-0.977845,0.061117,0.19794,-0.978307,0.051788,0.201459,-0.978076
0.050556,0.191548,-0.98018,0.039547,0.197246,-0.979556,0.045051499999999994,0.194397,-0.979868
0.129726,0.232766,-0.963842,0.07629,0.203253,-0.97615,0.103008,0.2180095,-0.969996
0.135404,0.224475,-0.965027,0.11937,0.230054,-0.965829,0.127387,0.2272645,-0.965428
0.139708,0.224738,-0.964352,0.153045,0.205296,-0.96666,0.1463765,0.215017,-0.965506
0.169133,0.243048,-0.955155,0.148109,0.216929,-0.964886,0.158621,0.22998849999999998,-0.9600204999999999
0.123696,0.234157,-0.964298,0.131586,0.211108,-0.968565,0.127641,0.2226325,-0.9664315
0.158475,0.235005,-0.958988,0.141699,0.241179,-0.96008,0.150087,0.238092,-0.959534
0.160289,0.233723,-0.959,0.092572,0.245758,-0.964901,0.1264305,0.2397405,-0.9619504999999999
0.148668,0.20173,-0.968092,0.12952,0.21197,-0.968655,0.139094,0.20684999999999998,-0.9683735
0.144074,0.213925,-0.966167,0.119473,0.220508,-0.96804,0.1317735,0.2172165,-0.9671035
0.140544,0.220082,-0.965304,0.127588,0.221029,-0.966886,0.13406600000000002,0.22055550000000002,-0.966095
0.148457,0.224411,-0.96312,0.119941,0.230008,-0.965769,0.134199,0.2272095,-0.9644444999999999
0.173078,0.267421,-0.947908,0.10707,0.232853,-0.9666,0.140074,0.250137,-0.957254
0.125502,0.253466,-0.959169,0.127843,0.183647,-0.974644,0.12667250000000002,0.21855650000000001,-0.9669065
0.266468,0.234647,-0.934845,-0.001002,0.263893,-0.964551,0.132733,0.24927,-0.949698
0.197219,0.229189,-0.953193,0.007591,0.297021,-0.954841,0.102405,0.263105,-0.954017
0.131993,0.226421,-0.965045,0.072971,0.223717,-0.971919,0.10248199999999999,0.22506900000000002,-0.9684820000000001
0.120465,0.215952,-0.968944,0.152578,0.170376,-0.973495,0.1365215,0.193164,-0.9712195
0.141604,0.207929,-0.96784,0.102398,0.190601,-0.976312,0.122001,0.199265,-0.9720759999999999
0.16206,0.214322,-0.963225,0.113297,0.210375,-0.971033,0.1376785,0.2123485,-0.967129
0.12949,0.217351,-0.967466,0.089174,0.213709,-0.972819,0.109332,0.21553,-0.9701425
0.11714,0.225279,-0.967227,0.076064,0.212108,-0.974282,0.096602,0.21869349999999999,-0.9707545
0.102628,0.208646,-0.972592,0.087305,0.228319,-0.969664,0.0949665,0.2184825,-0.971128
0.160968,0.213592,-0.96357,0.108732,0.198583,-0.974034,0.13485,0.2060875,-0.9688019999999999
0.16566,0.197616,-0.966181,0.112574,0.191671,-0.974982,0.139117,0.19464350000000002,-0.9705815
0.167268,0.164304,-0.972124,0.105332,0.160936,-0.981328,0.1363,0.16262,-0.976726
0.182644,0.204754,-0.961622,0.132689,0.193406,-0.972105,0.1576665,0.19907999999999998,-0.9668635
0.169233,0.202715,-0.964503,0.130441,0.198949,-0.97129,0.149837,0.200832,-0.9678964999999999
0.155471,0.145989,-0.976993,0.091592,0.152338,-0.984075,0.1235315,0.1491635,-0.980534
0.157975,0.190303,-0.968932,0.107211,0.177562,-0.978252,0.13259300000000002,0.1839325,-0.973592
0.199443,0.204341,-0.958367,0.113264,0.171114,-0.978719,0.1563535,0.1877275,-0.9685429999999999
0.12041,0.201189,-0.972124,0.117046,0.177486,-0.977138,0.118728,0.1893375,-0.974631
0.10648,0.20195,-0.97359,0.117873,0.170025,-0.978365,0.11217650000000001,0.1859875,-0.9759774999999999
0.104443,0.207095,-0.97273,0.110966,0.178215,-0.977715,0.1077045,0.19265500000000002,-0.9752225
0.111907,0.176173,-0.977977,0.112376,0.164827,-0.9799,0.1121415,0.17049999999999998,-0.9789384999999999
0.10101,0.201367,-0.974294,0.106154,0.176562,-0.978548,0.10358200000000001,0.18896449999999998,-0.976421
0.10474,0.206718,-0.972778,0.108633,0.185506,-0.97662,0.10668649999999999,0.196112,-0.974699
0.096503,0.181617,-0.978623,0.106467,0.166926,-0.980204,0.101485,0.1742715,-0.9794134999999999
0.122564,0.200702,-0.971955,0.042863,0.187159,-0.981394,0.0827135,0.1939305,-0.9766745
0.152177,0.23349,-0.960377,0.039307,0.200196,-0.978967,0.09574200000000001,0.216843,-0.9696720000000001
0.116251,0.201873,-0.972488,0.031503,0.197498,-0.979797,0.073877,0.19968550000000002,-0.9761425
0.135476,0.187015,-0.972971,0.03916,0.169389,-0.984771,0.087318,0.178202,-0.978871
0.142675,0.217006,-0.965687,0.050704,0.187694,-0.980918,0.0966895,0.20235,-0.9733025
0.142153,0.17762,-0.973778,0.042251,0.160345,-0.986156,0.092202,0.16898249999999998,-0.979967
0.144294,0.19548,-0.970035,0.052357,0.180922,-0.982103,0.09832550000000001,0.188201,-0.976069
0.126839,0.214877,-0.96837,0.078354,0.209195,-0.97473,0.10259650000000001,0.212036,-0.9715499999999999
0.045603,0.200983,-0.978533,0.074026,0.189079,-0.979168,0.05981449999999999,0.195031,-0.9788505000000001
0.067857,0.189137,-0.979603,0.039802,0.191106,-0.980762,0.0538295,0.1901215,-0.9801825
0.04309,0.215834,-0.975479,0.065937,0.200577,-0.977457,0.0545135,0.2082055,-0.976468
0.072188,0.213458,-0.974282,0.080848,0.207573,-0.974873,0.076518,0.21051550000000002,-0.9745775
0.084869,0.204675,-0.975144,0.084561,0.207364,-0.974602,0.084715,0.2060195,-0.974873
0.066868,0.194485,-0.978624,0.100114,0.194413,-0.975797,0.083491,0.19444899999999998,-0.9772105
0.080133,0.1747,-0.981356,0.096165,0.176892,-0.979521,0.088149,0.175796,-0.9804385
0.059595,0.186449,-0.980656,0.023484,0.205521,-0.978371,0.0415395,0.19598500000000002,-0.9795134999999999
0.065603,0.198483,-0.977906,0.028643,0.205496,-0.978239,0.047123,0.2019895,-0.9780725
0.076576,0.190291,-0.978737,0.044438,0.213664,-0.975896,0.060507000000000005,0.20197749999999998,-0.9773164999999999
0.095249,0.195145,-0.976138,0.069305,0.211394,-0.974941,0.082277,0.2032695,-0.9755395
0.072653,0.222204,-0.97229,0.069169,0.248,-0.966288,0.070911,0.235102,-0.9692890000000001
0.118386,0.220313,-0.968219,0.053661,0.227421,-0.972317,0.0860235,0.223867,-0.970268
0.109021,0.220127,-0.96936,0.035738,0.208545,-0.97736,0.0723795,0.214336,-0.97336
0.101768,0.222804,-0.969537,0.036458,0.216999,-0.975491,0.069113,0.2199015,-0.972514
0.102882,0.203938,-0.973563,0.024235,0.198361,-0.979829,0.0635585,0.2011495,-0.976696
0.103398,0.210165,-0.972183,0.027175,0.185662,-0.982238,0.0652865,0.1979135,-0.9772105
0.088581,0.2088,-0.973938,0.028182,0.179218,-0.983406,0.058381499999999996,0.194009,-0.978672
0.127386,0.248122,-0.960317,0.007611,0.257813,-0.966165,0.0674985,0.2529675,-0.963241
0.156156,0.25122,-0.955251,0.11485,0.238866,-0.964237,0.13550299999999998,0.245043,-0.9597439999999999
0.150311,0.223964,-0.962936,0.101537,0.226182,-0.968778,0.125924,0.225073,-0.965857
0.141606,0.203993,-0.968677,0.073825,0.205804,-0.975805,0.1077155,0.20489849999999998,-0.972241
0.131305,0.211691,-0.968476,0.099308,0.230321,-0.968034,0.1153065,0.22100599999999998,-0.968255
0.125992,0.209062,-0.969752,0.090871,0.213664,-0.972672,0.10843149999999999,0.211363,-0.971212
0.128299,0.210097,-0.969226,0.08018,0.222339,-0.971667,0.1042395,0.21621800000000002,-0.9704465
0.13652,0.174392,-0.975167,0.081578,0.212547,-0.97374,0.10904900000000001,0.19346950000000002,-0.9744535000000001
0.15299,0.165468,-0.974276,0.088752,0.204615,-0.974811,0.12087099999999999,0.1850415,-0.9745435
0.134351,0.210633,-0.968289,0.084773,0.235205,-0.968242,0.10956199999999999,0.22291899999999998,-0.9682655
0.155726,0.211612,-0.964868,0.09456,0.237294,-0.966825,0.125143,0.224453,-0.9658465
0.152309,0.205706,-0.966689,0.096942,0.236826,-0.966704,0.1246255,0.22126600000000002,-0.9666965000000001
0.170123,0.176239,-0.969535,0.09368,0.218278,-0.97138,0.1319015,0.1972585,-0.9704575
0.172333,0.142291,-0.974707,0.088123,0.195704,-0.976696,0.130228,0.1689975,-0.9757015
0.168272,0.191325,-0.966995,0.101247,0.211107,-0.972205,0.1347595,0.201216,-0.9696
0.168865,0.18266,-0.968566,0.079849,0.154192,-0.984809,0.124357,0.168426,-0.9766875
0.172452,0.181457,-0.96816,0.121658,0.174369,-0.977136,0.147055,0.177913,-0.972648
0.173575,0.191204,-0.966081,0.133066,0.202586,-0.970182,0.1533205,0.196895,-0.9681314999999999
0.169432,0.197373,-0.965576,0.124696,0.20398,-0.971001,0.147064,0.20067649999999998,-0.9682885
0.145873,0.22236,-0.96399,0.039739,0.19905,-0.979183,0.092806,0.210705,-0.9715865
0.146981,0.216393,-0.965179,0.044787,0.19108,-0.980552,0.095884,0.2037365,-0.9728654999999999
0.150183,0.227065,-0.96223,0.045166,0.204851,-0.977751,0.0976745,0.21595799999999998,-0.9699905
0.1459,0.222683,-0.963911,0.042701,0.193501,-0.98017,0.09430050000000001,0.208092,-0.9720405
0.141076,0.241053,-0.960204,0.030602,0.186309,-0.982015,0.085839,0.213681,-0.9711095
0.157306,0.197439,-0.967612,0.048439,0.196955,-0.979215,0.1028725,0.197197,-0.9734134999999999
0.150998,0.158023,-0.975822,0.063242,0.176208,-0.982319,0.10711999999999999,0.1671155,-0.9790705
0.16145,0.164195,-0.973126,0.073724,0.180299,-0.980845,0.117587,0.17224699999999998,-0.9769855000000001
0.142751,0.170751,-0.974919,0.070918,0.190706,-0.979082,0.1068345,0.1807285,-0.9770004999999999
0.138945,0.176163,-0.974505,0.071028,0.189732,-0.979263,0.10498650000000001,0.18294749999999999,-0.976884
0.149455,0.219719,-0.964047,0.076443,0.221442,-0.972173,0.112949,0.2205805,-0.96811
0.08546,0.179125,-0.980108,0.075362,0.194986,-0.977906,0.080411,0.18705549999999999,-0.979007
0.091256,0.1823,-0.978999,0.099132,0.186216,-0.977495,0.095194,0.18425799999999998,-0.978247
0.091138,0.204557,-0.974603,0.102031,0.191992,-0.976078,0.09658449999999999,0.1982745,-0.9753404999999999
0.099721,0.179456,-0.978699,0.094171,0.179703,-0.979203,0.096946,0.1795795,-0.978951
0.081722,0.252462,-0.96415,0.029234,0.231847,-0.972313,0.055478,0.2421545,-0.9682314999999999
0.087098,0.243804,-0.965905,0.043322,0.219848,-0.974572,0.06520999999999999,0.23182599999999998,-0.9702385
0.104159,0.24762,-0.963242,0.031436,0.226471,-0.97351,0.0677975,0.23704550000000002,-0.968376
0.088574,0.228811,-0.969433,0.023153,0.222595,-0.974636,0.055863499999999996,0.225703,-0.9720344999999999
0.086364,0.241548,-0.966538,0.009548,0.221834,-0.975038,0.047956,0.231691,-0.970788
0.06602,0.2714,-0.9602,0.01859,0.248539,-0.968443,0.042304999999999995,0.25996949999999996,-0.9643215
0.062846,0.265847,-0.961965,0.095337,0.237636,-0.966664,0.07909150000000001,0.2517415,-0.9643145
0.063444,0.27457,-0.959472,0.085219,0.228657,-0.96977,0.0743315,0.2516135,-0.964621
0.038874,0.310174,-0.949885,0.109373,0.265468,-0.957896,0.0741235,0.287821,-0.9538905
0.099449,0.27267,-0.956954,0.051312,0.246081,-0.96789,0.0753805,0.2593755,-0.962422
0.06612,0.286118,-0.95591,0.059825,0.242434,-0.968322,0.0629725,0.264276,-0.962116
0.070927,0.291607,-0.953905,0.065699,0.24591,-0.967064,0.068313,0.2687585,-0.9604845
0.05876,0.227983,-0.97189,0.032894,0.225535,-0.973679,0.045827,0.226759,-0.9727844999999999
0.091952,0.235366,-0.967547,0.032161,0.239854,-0.970276,0.0620565,0.23761,-0.9689115
0.100178,0.239387,-0.965742,0.037363,0.242884,-0.969336,0.0687705,0.2411355,-0.9675389999999999
0.064469,0.244642,-0.967468,0.023876,0.251949,-0.967446,0.0441725,0.2482955,-0.967457
0.177839,0.204697,-0.962534,0.076278,0.233439,-0.969375,0.1270585,0.21906799999999998,-0.9659545
0.17173,0.18907,-0.966831,0.082709,0.229885,-0.969697,0.12721949999999999,0.20947749999999998,-0.968264
0.130303,0.23356,-0.963572,0.07476,0.220004,-0.97263,0.1025315,0.22678199999999998,-0.968101
0.115145,0.230716,-0.966184,0.073433,0.227636,-0.970973,0.094289,0.229176,-0.9685785
0.134879,0.24221,-0.960803,0.058112,0.217259,-0.974383,0.0964955,0.2297345,-0.9675929999999999
0.128545,0.259754,-0.957081,0.077123,0.240606,-0.967554,0.102834,0.25017999999999996,-0.9623174999999999
0.147478,0.208364,-0.966869,0.069128,0.206189,-0.976067,0.108303,0.2072765,-0.971468
0.146023,0.240132,-0.959695,0.078786,0.231845,-0.969557,0.11240449999999999,0.2359885,-0.964626
0.125218,0.234454,-0.964029,0.050916,0.257887,-0.964832,0.088067,0.2461705,-0.9644305
0.130502,0.232938,-0.963695,0.048697,0.249656,-0.967109,0.0895995,0.24129699999999998,-0.965402
0.141981,0.229718,-0.962845,0.09422,0.214691,-0.972127,0.1181005,0.2222045,-0.967486
0.133262,0.220194,-0.96631,0.086898,0.211731,-0.973457,0.11008,0.2159625,-0.9698835
0.13391,0.224558,-0.965216,0.076266,0.210212,-0.974676,0.105088,0.217385,-0.969946
0.134695,0.203371,-0.969792,0.059654,0.243831,-0.967981,0.0971745,0.223601,-0.9688865
0.156203,0.231146,-0.960298,0.02732,0.277248,-0.96041,0.09176150000000001,0.254197,-0.9603539999999999
0.149321,0.203776,-0.967563,0.029096,0.246643,-0.96867,0.08920850000000001,0.2252095,-0.9681165
0.152333,0.215996,-0.964438,0.038056,0.260943,-0.964604,0.0951945,0.2384695,-0.964521
0.154089,0.202008,-0.967186,0.017968,0.253007,-0.967298,0.08602850000000001,0.22750749999999997,-0.9672419999999999
0.142744,0.210143,-0.967194,0.060236,0.21001,-0.975842,0.10149,0.2100765,-0.971518
0.154028,0.226927,-0.961655,0.036164,0.225282,-0.973622,0.095096,0.22610449999999999,-0.9676385000000001
0.15584,0.229955,-0.960643,0.009326,0.215812,-0.97639,0.082583,0.2228835,-0.9685165
0.162962,0.208525,-0.964345,0.005112,0.199369,-0.979911,0.084037,0.203947,-0.972128
0.141863,0.206852,-0.968033,0.050146,0.199362,-0.978642,0.09600449999999999,0.203107,-0.9733375
0.191243,0.219086,-0.95678,0.08418,0.239949,-0.967129,0.1377115,0.22951749999999999,-0.9619545
0.188005,0.212772,-0.958844,0.106483,0.21005,-0.971875,0.14724399999999999,0.211411,-0.9653595
0.189926,0.205427,-0.960067,0.072237,0.25568,-0.964059,0.13108150000000002,0.23055350000000002,-0.962063
0.193126,0.220624,-0.956048,0.074159,0.274568,-0.958704,0.1336425,0.24759599999999998,-0.957376
0.17883,0.219338,-0.95912,0.06929,0.271518,-0.959936,0.12406,0.24542799999999998,-0.9595279999999999
0.182817,0.202417,-0.962084,0.070737,0.273801,-0.959181,0.126777,0.23810900000000002,-0.9606325
0.143453,0.251053,-0.957285,0.087162,0.279664,-0.956133,0.11530750000000001,0.26535850000000005,-0.956709
0.139878,0.263596,-0.954438,0.107567,0.266788,-0.957734,0.1237225,0.265192,-0.956086
0.135673,0.264122,-0.954899,0.096922,0.264281,-0.959563,0.1162975,0.2642015,-0.957231
0.215021,0.26416,-0.940205,0.088454,0.287723,-0.95362,0.1517375,0.2759415,-0.9469125
0.114845,0.25696,-0.959574,0.115699,0.302341,-0.946152,0.115272,0.2796505,-0.952863
0.113476,0.247344,-0.96226,0.066098,0.292097,-0.954102,0.089787,0.26972050000000003,-0.958181
0.127414,0.256307,-0.958161,0.05791,0.288099,-0.955848,0.092662,0.272203,-0.9570045
0.134766,0.259908,-0.956183,0.114129,0.313631,-0.942661,0.12444749999999999,0.2867695,-0.949422
0.120213,0.261592,-0.957663,0.054368,0.316146,-0.947151,0.0872905,0.288869,-0.952407
0.12184,0.244434,-0.961981,0.061924,0.293454,-0.953965,0.091882,0.268944,-0.957973
0.123914,0.261131,-0.957317,0.080268,0.295321,-0.95202,0.102091,0.278226,-0.9546684999999999
0.131786,0.231666,-0.963828,0.136233,0.235793,-0.962207,0.1340095,0.2337295,-0.9630175000000001
0.12992,0.201323,-0.970871,0.128918,0.220908,-0.966737,0.129419,0.2111155,-0.968804
0.121403,0.215816,-0.968857,0.107298,0.212105,-0.971339,0.1143505,0.2139605,-0.9700979999999999
0.104973,0.194134,-0.975342,0.089037,0.158656,-0.983311,0.09700500000000001,0.176395,-0.9793265
0.085716,0.240496,-0.966858,0.048051,0.27134,-0.961284,0.0668835,0.255918,-0.964071
0.083276,0.237751,-0.96775,0.038199,0.238115,-0.970486,0.0607375,0.237933,-0.9691179999999999
0.092707,0.232114,-0.968261,0.043821,0.249273,-0.967441,0.06826399999999999,0.2406935,-0.967851
0.10335,0.225882,-0.968657,0.031042,0.282369,-0.958803,0.067196,0.2541255,-0.96373
0.107873,0.203468,-0.973121,0.053725,0.251504,-0.966364,0.080799,0.22748600000000002,-0.9697425
0.089653,0.213978,-0.972716,0.055361,0.263374,-0.963104,0.072507,0.238676,-0.96791
0.085767,0.232906,-0.96871,0.055945,0.282878,-0.957523,0.070856,0.257892,-0.9631164999999999
0.091548,0.264288,-0.960089,0.053316,0.293577,-0.954448,0.072432,0.2789325,-0.9572685
0.08466,0.245636,-0.965658,0.052881,0.28267,-0.957758,0.0687705,0.26415299999999997,-0.961708
0.10947,0.228386,-0.967397,0.070523,0.277221,-0.958215,0.08999650000000001,0.2528035,-0.962806
0.105289,0.204207,-0.973249,0.068452,0.262288,-0.962559,0.08687049999999999,0.2332475,-0.9679040000000001
0.096633,0.244078,-0.964929,0.05902,0.288702,-0.955598,0.07782649999999999,0.26639,-0.9602634999999999
0.074676,0.242882,-0.967177,0.045871,0.278956,-0.959208,0.06027350000000001,0.260919,-0.9631924999999999
0.09165,0.230423,-0.968765,0.034818,0.283494,-0.958342,0.063234,0.2569585,-0.9635535
0.068267,0.231352,-0.970472,0.037269,0.259415,-0.965046,0.052767999999999995,0.2453835,-0.967759
0.08662,0.22144,-0.971319,-0.003663,0.221419,-0.975172,0.0414785,0.2214295,-0.9732455
0.090274,0.262007,-0.960834,0.004947,0.233544,-0.972334,0.0476105,0.24777549999999998,-0.966584
0.104447,0.247638,-0.963206,0.025626,0.225481,-0.97391,0.0650365,0.23655949999999998,-0.968558
0.100218,0.222019,-0.969878,0.044905,0.208509,-0.976989,0.0725615,0.215264,-0.9734335000000001
0.090036,0.239861,-0.966623,0.038199,0.241582,-0.969628,0.0641175,0.24072149999999998,-0.9681255
0.117127,0.266276,-0.956754,0.087217,0.250279,-0.964237,0.102172,0.2582775,-0.9604955
0.09488,0.251967,-0.963073,0.076338,0.239403,-0.967915,0.085609,0.245685,-0.965494
0.105188,0.258831,-0.960178,0.068114,0.269712,-0.960529,0.086651,0.2642715,-0.9603535
0.103081,0.255446,-0.961313,0.088919,0.258213,-0.961987,0.096,0.25682950000000004,-0.96165
0.10176,0.272633,-0.956722,0.075848,0.225636,-0.971255,0.088804,0.2491345,-0.9639884999999999
0.100379,0.244794,-0.964365,0.081119,0.21637,-0.972936,0.090749,0.230582,-0.9686505000000001
0.097388,0.206523,-0.973583,0.067603,0.169036,-0.983289,0.0824955,0.1877795,-0.978436
0.089036,0.226618,-0.969905,0.064624,0.154972,-0.985803,0.07683000000000001,0.190795,-0.977854
0.100392,0.235605,-0.96665,0.054559,0.188525,-0.980552,0.0774755,0.212065,-0.9736009999999999
0.111837,0.228928,-0.966998,0.082927,0.199892,-0.976302,0.097382,0.21441,-0.97165
0.131883,0.210397,-0.96868,0.069587,0.211124,-0.974979,0.10073499999999999,0.21076050000000002,-0.9718295
0.120569,0.201807,-0.971976,0.071128,0.200804,-0.977046,0.0958485,0.2013055,-0.9745109999999999
0.124484,0.208878,-0.969986,0.065849,0.220892,-0.973073,0.0951665,0.214885,-0.9715294999999999
0.154299,0.211755,-0.965066,0.077464,0.235847,-0.968698,0.1158815,0.223801,-0.966882
0.158212,0.200703,-0.966792,0.096035,0.18444,-0.978141,0.1271235,0.1925715,-0.9724665
0.166945,0.187745,-0.967926,0.10458,0.176948,-0.978648,0.1357625,0.1823465,-0.973287
0.159622,0.202522,-0.966181,0.108444,0.190641,-0.975652,0.134033,0.19658150000000002,-0.9709165
0.158215,0.218362,-0.962957,0.088867,0.226667,-0.96991,0.123541,0.2225145,-0.9664335
0.147786,0.216865,-0.96495,0.112723,0.204898,-0.972271,0.1302545,0.2108815,-0.9686105
0.165581,0.196339,-0.966454,0.144005,0.164496,-0.975809,0.15479300000000001,0.1804175,-0.9711315
0.17701,0.204716,-0.962683,0.124339,0.186191,-0.974614,0.1506745,0.1954535,-0.9686485
0.147915,0.173633,-0.973639,0.121056,0.153152,-0.98076,0.13448549999999998,0.1633925,-0.9771995
0.147156,0.194189,-0.969864,0.086828,0.179554,-0.979909,0.11699200000000001,0.1868715,-0.9748865
0.154015,0.197741,-0.968079,0.069725,0.183551,-0.980534,0.11187,0.19064599999999998,-0.9743065
0.134505,0.191909,-0.972152,0.0631,0.180422,-0.981563,0.09880250000000002,0.18616549999999998,-0.9768574999999999
0.143553,0.247064,-0.958307,0.04666,0.250863,-0.966898,0.0951065,0.2489635,-0.9626025
0.139361,0.259201,-0.955716,0.045678,0.261195,-0.964205,0.0925195,0.26019800000000004,-0.9599605
0.146159,0.277841,-0.949443,0.063033,0.2773,-0.958714,0.10459600000000001,0.2775705,-0.9540785
0.194383,0.272922,-0.942194,-0.042335,0.337999,-0.940194,0.07602400000000001,0.3054605,-0.941194
0.134341,0.287279,-0.948379,0.038824,0.269915,-0.962101,0.08658249999999999,0.278597,-0.95524
0.110959,0.257504,-0.959885,0.032086,0.263313,-0.964177,0.0715225,0.26040850000000004,-0.962031
0.130704,0.233903,-0.963434,-0.005943,0.225626,-0.974196,0.06238049999999999,0.22976449999999998,-0.968815
0.13412,0.217344,-0.966837,-0.013168,0.227931,-0.973588,0.060475999999999995,0.2226375,-0.9702124999999999
0.159529,0.224034,-0.961436,0.076515,0.195257,-0.977763,0.118022,0.20964549999999998,-0.9695995
0.173541,0.245713,-0.953682,0.045426,0.206891,-0.977309,0.1094835,0.226302,-0.9654955000000001
0.121893,0.255802,-0.959014,0.044403,0.220132,-0.974459,0.083148,0.23796699999999998,-0.9667365
0.120987,0.25102,-0.960391,0.048457,0.223971,-0.973391,0.08472199999999999,0.23749550000000003,-0.966891
0.109865,0.244915,-0.9633,0.049276,0.208429,-0.976795,0.0795705,0.22667199999999998,-0.9700475
0.105482,0.256986,-0.960641,0.038044,0.223354,-0.973995,0.07176300000000001,0.24017,-0.967318
0.106917,0.255935,-0.960763,0.034783,0.213129,-0.976405,0.07085,0.23453200000000002,-0.968584
0.144452,0.226638,-0.963208,0.077618,0.246431,-0.966047,0.111035,0.2365345,-0.9646275
0.140759,0.212077,-0.967063,0.085397,0.226479,-0.970265,0.113078,0.219278,-0.968664
0.146414,0.200159,-0.968762,0.083945,0.219448,-0.972006,0.11517949999999999,0.2098035,-0.970384
0.146741,0.238151,-0.960079,0.083499,0.249309,-0.964818,0.11512,0.24373,-0.9624485
0.156482,0.197039,-0.967827,0.078568,0.218921,-0.972574,0.117525,0.20798,-0.9702005
0.118717,0.232819,-0.965247,0.083393,0.245684,-0.965756,0.101055,0.2392515,-0.9655015
0.101155,0.235276,-0.96665,0.073074,0.240394,-0.967921,0.0871145,0.23783500000000002,-0.9672855
0.093128,0.211871,-0.97285,0.075299,0.227353,-0.970897,0.0842135,0.219612,-0.9718735000000001
0.098624,0.244613,-0.964592,0.090452,0.252247,-0.963426,0.09453800000000001,0.24842999999999998,-0.964009
0.098256,0.243135,-0.965003,0.097324,0.249609,-0.963444,0.09778999999999999,0.24637199999999998,-0.9642235
0.10182,0.234198,-0.966842,0.088611,0.232639,-0.968518,0.0952155,0.2334185,-0.96768
0.09428,0.244951,-0.96494,0.084414,0.240334,-0.967013,0.08934700000000001,0.24264249999999998,-0.9659765
0.062259,0.275513,-0.959279,0.088859,0.232977,-0.968414,0.075559,0.254245,-0.9638465
0.066641,0.270183,-0.9605,0.090173,0.227684,-0.969551,0.078407,0.2489335,-0.9650255000000001
0.060471,0.259881,-0.963745,0.090149,0.227729,-0.969543,0.07531,0.243805,-0.9666440000000001
0.114659,0.262207,-0.958176,0.093622,0.278606,-0.955831,0.1041405,0.2704065,-0.9570035
0.111458,0.267652,-0.957047,0.08723,0.271565,-0.958459,0.099344,0.26960850000000003,-0.957753
0.107362,0.254789,-0.961018,0.083854,0.288316,-0.953857,0.095608,0.2715525,-0.9574374999999999
0.117912,0.258802,-0.958706,0.046946,0.288697,-0.956269,0.082429,0.2737495,-0.9574875
0.112516,0.269701,-0.956348,0.043921,0.294556,-0.954625,0.0782185,0.2821285,-0.9554864999999999
0.116048,0.262529,-0.95792,0.055377,0.280653,-0.95821,0.0857125,0.271591,-0.9580649999999999
0.143962,0.229197,-0.962675,0.043795,0.294398,-0.954679,0.0938785,0.2617975,-0.958677
0.15768,0.228808,-0.960616,0.063176,0.278643,-0.958315,0.110428,0.2537255,-0.9594655000000001
0.141133,0.237493,-0.961082,0.063382,0.280035,-0.957895,0.1022575,0.258764,-0.9594885
0.140689,0.242926,-0.959788,0.039318,0.282952,-0.958328,0.0900035,0.262939,-0.959058
0.174103,0.25572,-0.950944,-0.001204,0.274066,-0.96171,0.0864495,0.264893,-0.9563269999999999
0.221628,0.249554,-0.942658,-0.030438,0.325392,-0.945089,0.095595,0.287473,-0.9438735
0.092894,0.292138,-0.951854,-0.01152,0.325894,-0.945336,0.040687,0.309016,-0.948595
0.133661,0.248578,-0.959346,0.002412,0.296743,-0.954954,0.0680365,0.2726605,-0.95715
0.181593,0.315038,-0.931544,0.064839,0.334936,-0.940007,0.12321599999999999,0.324987,-0.9357755000000001
0.212734,0.241839,-0.946709,0.065058,0.306119,-0.949768,0.13889600000000002,0.273979,-0.9482385
0.218159,0.240581,-0.945795,0.071211,0.293092,-0.953429,0.144685,0.26683650000000003,-0.949612
0.183251,0.238405,-0.95372,0.065585,0.307669,-0.94923,0.124418,0.27303700000000003,-0.9514750000000001
0.173522,0.205692,-0.96311,0.039127,0.245995,-0.968481,0.1063245,0.2258435,-0.9657955
0.202018,0.183678,-0.962004,0.039672,0.251783,-0.96697,0.12084500000000001,0.2177305,-0.964487
0.20279,0.196538,-0.959296,0.042943,0.260583,-0.964496,0.1228665,0.2285605,-0.9618960000000001
0.208414,0.190673,-0.959274,0.009444,0.227593,-0.97371,0.108929,0.209133,-0.9664919999999999
0.167615,0.18455,-0.968425,0.005486,0.206436,-0.978445,0.08655049999999999,0.195493,-0.973435
0.208116,0.214425,-0.954311,0.016751,0.250169,-0.968057,0.11243349999999999,0.23229699999999998,-0.961184
0.180036,0.21346,-0.96022,0.048455,0.248884,-0.96732,0.1142455,0.231172,-0.96377
0.153835,0.231185,-0.960671,0.05255,0.257392,-0.964877,0.10319249999999999,0.24428850000000002,-0.962774
0.142708,0.248259,-0.958124,0.054032,0.267634,-0.962004,0.09837,0.25794649999999997,-0.960064
0.151487,0.270923,-0.950606,0.061539,0.290764,-0.954814,0.10651300000000001,0.2808435,-0.95271
0.118042,0.228252,-0.96642,0.054564,0.2657,-0.962511,0.08630299999999999,0.246976,-0.9644655
0.157424,0.228951,-0.960624,0.042566,0.281605,-0.958586,0.099995,0.255278,-0.959605
0.144496,0.237467,-0.960589,0.089088,0.271638,-0.958267,0.116792,0.2545525,-0.959428
0.143546,0.24781,-0.958115,0.095563,0.283186,-0.954292,0.11955450000000001,0.265498,-0.9562035
0.083543,0.245353,-0.965827,0.072985,0.262736,-0.962103,0.078264,0.2540445,-0.963965
0.091977,0.268368,-0.958916,0.074391,0.276943,-0.958003,0.08318400000000001,0.2726555,-0.9584595
0.102663,0.243743,-0.964391,0.067659,0.263834,-0.962192,0.085161,0.2537885,-0.9632915
0.123923,0.229156,-0.965469,0.064677,0.24025,-0.968554,0.0943,0.234703,-0.9670115
0.109733,0.231782,-0.966559,0.065725,0.227782,-0.971492,0.087729,0.229782,-0.9690255
0.159774,0.244558,-0.956381,0.012165,0.216304,-0.97625,0.0859695,0.230431,-0.9663155
0.176114,0.23606,-0.955646,-0.067037,0.281336,-0.957265,0.0545385,0.258698,-0.9564555
0.232499,0.20955,-0.949754,-0.069624,0.250081,-0.965718,0.0814375,0.2298155,-0.9577359999999999
0.22015,0.199474,-0.954853,-0.048,0.242029,-0.969081,0.08607500000000001,0.2207515,-0.961967
0.185862,0.204804,-0.960995,0.013378,0.252204,-0.967582,0.09962,0.22850399999999998,-0.9642885000000001
0.160936,0.177161,-0.970934,0.073949,0.260265,-0.962701,0.1174425,0.21871300000000002,-0.9668175
0.147455,0.167512,-0.97478,0.078839,0.256264,-0.963386,0.113147,0.211888,-0.9690829999999999
0.169327,0.169193,-0.970928,0.040677,0.246983,-0.968166,0.105002,0.208088,-0.9695469999999999
0.138308,0.254543,-0.95712,0.120254,0.276232,-0.953538,0.12928099999999998,0.2653875,-0.955329
0.142462,0.241573,-0.959868,0.101472,0.267328,-0.958248,0.121967,0.2544505,-0.959058
0.131942,0.223197,-0.965803,0.103415,0.251014,-0.962443,0.1176785,0.23710550000000002,-0.9641230000000001
0.128742,0.240652,-0.962035,0.057672,0.271115,-0.960818,0.093207,0.2558835,-0.9614265
0.110429,0.272149,-0.955898,0.051251,0.276246,-0.959719,0.08084,0.2741975,-0.9578085000000001
0.124165,0.255996,-0.95867,0.036348,0.277428,-0.960059,0.0802565,0.266712,-0.9593645
0.135977,0.203718,-0.969541,0.040304,0.239194,-0.970135,0.0881405,0.221456,-0.969838
0.086208,0.233112,-0.968621,0.057363,0.248435,-0.966949,0.0717855,0.2407735,-0.9677849999999999
0.082739,0.237096,-0.967957,0.040772,0.250456,-0.967269,0.0617555,0.243776,-0.9676130000000001
0.077721,0.241502,-0.967283,0.044741,0.25458,-0.966016,0.061231,0.24804099999999998,-0.9666494999999999
0.05428,0.248201,-0.967187,0.048576,0.262708,-0.963652,0.051428,0.25545450000000003,-0.9654195
0.058722,0.26707,-0.961886,0.037694,0.275192,-0.96065,0.048208,0.271131,-0.961268
0.062085,0.269948,-0.960871,0.038639,0.289308,-0.956456,0.050362000000000004,0.279628,-0.9586635
0.059838,0.244163,-0.967886,0.018875,0.261563,-0.965002,0.0393565,0.252863,-0.9664440000000001
0.07342,0.259472,-0.962956,0.026402,0.276296,-0.96071,0.049911,0.267884,-0.9618329999999999
0.106787,0.26553,-0.95817,0.043456,0.267193,-0.962663,0.07512150000000001,0.26636150000000003,-0.9604165
0.100179,0.250731,-0.962859,0.042016,0.26855,-0.962349,0.07109750000000001,0.2596405,-0.962604
0.115875,0.250714,-0.961101,0.039226,0.278455,-0.959648,0.0775505,0.2645845,-0.9603744999999999
0.122819,0.219318,-0.967892,0.041686,0.261503,-0.964302,0.0822525,0.2404105,-0.966097
0.113436,0.233575,-0.965699,0.050079,0.26676,-0.962461,0.0817575,0.2501675,-0.96408
0.119573,0.251214,-0.960517,0.036094,0.29977,-0.953328,0.0778335,0.27549199999999996,-0.9569224999999999
0.126963,0.27673,-0.952524,0.02737,0.311548,-0.949836,0.0771665,0.294139,-0.95118
0.114804,0.238926,-0.964227,0.025087,0.269633,-0.962636,0.06994550000000001,0.2542795,-0.9634315
0.109572,0.246342,-0.962969,0.02829,0.273811,-0.961367,0.068931,0.26007650000000004,-0.9621679999999999
0.094214,0.242713,-0.965512,0.032106,0.278378,-0.959935,0.06316000000000001,0.2605455,-0.9627235000000001
0.111595,0.259846,-0.95918,0.038546,0.284844,-0.957799,0.0750705,0.272345,-0.9584895
0.114911,0.263645,-0.957751,0.043834,0.284979,-0.957531,0.0793725,0.274312,-0.957641
0.121859,0.27378,-0.954041,0.049922,0.282273,-0.958034,0.0858905,0.2780265,-0.9560375000000001
0.100331,0.269297,-0.957817,0.0594,0.273671,-0.959987,0.0798655,0.271484,-0.958902
0.125451,0.236877,-0.963406,0.058157,0.272327,-0.960446,0.091804,0.254602,-0.9619260000000001
0.163858,0.194467,-0.967126,0.032539,0.257922,-0.965618,0.0981985,0.2261945,-0.966372
0.168731,0.196679,-0.96584,0.015575,0.258616,-0.965855,0.092153,0.2276475,-0.9658475
0.165741,0.211756,-0.963166,0.001585,0.277708,-0.960664,0.083663,0.244732,-0.961915
0.166272,0.198554,-0.965883,0.019285,0.260587,-0.965258,0.0927785,0.2295705,-0.9655705
0.170475,0.208801,-0.962985,0.014354,0.274671,-0.961431,0.0924145,0.241736,-0.962208
0.172461,0.231264,-0.957483,0.026868,0.2969,-0.954531,0.0996645,0.264082,-0.956007
0.1738,0.253779,-0.95152,0.038905,0.306418,-0.951102,0.1063525,0.28009850000000003,-0.951311
0.187637,0.216628,-0.958053,0.037952,0.262917,-0.964072,0.11279449999999999,0.2397725,-0.9610625
0.172091,0.210269,-0.962378,0.009284,0.270531,-0.962667,0.0906875,0.2404,-0.9625225
0.184908,0.224584,-0.95675,0.025734,0.285646,-0.95799,0.105321,0.255115,-0.95737
0.186839,0.230143,-0.955052,0.038845,0.286276,-0.957359,0.112842,0.2582095,-0.9562055
0.142842,0.267251,-0.952981,0.074221,0.254865,-0.964124,0.1085315,0.261058,-0.9585524999999999
0.258237,0.264017,-0.929305,-0.114209,0.367222,-0.923095,0.072014,0.3156195,-0.9262
0.147695,0.286277,-0.946695,-0.053856,0.346476,-0.936511,0.046919499999999996,0.3163765,-0.941603
0.127725,0.260518,-0.956983,-0.021128,0.323624,-0.94595,0.0532985,0.292071,-0.9514665
0.150333,0.296961,-0.942981,-0.002152,0.278165,-0.960531,0.0740905,0.287563,-0.951756
0.143197,0.294798,-0.944769,0.009091,0.284678,-0.95858,0.07614399999999999,0.289738,-0.9516745
0.18611,0.261441,-0.947107,0.013355,0.286108,-0.958104,0.0997325,0.2737745,-0.9526055
0.161931,0.251289,-0.95427,0.042534,0.283835,-0.957929,0.1022325,0.26756199999999997,-0.9560995
0.095853,0.263049,-0.960009,0.054869,0.291087,-0.955122,0.075361,0.277068,-0.9575655000000001
0.087288,0.236511,-0.9677,0.043067,0.244487,-0.968696,0.0651775,0.24049900000000002,-0.968198
0.099169,0.246724,-0.963998,0.03319,0.254728,-0.966443,0.0661795,0.250726,-0.9652205
0.105567,0.238087,-0.96549,0.040984,0.244317,-0.968829,0.0732755,0.241202,-0.9671595
0.11763,0.231698,-0.96565,0.046266,0.270522,-0.961601,0.081948,0.25111,-0.9636255
0.119362,0.230381,-0.965752,0.044905,0.269956,-0.961825,0.0821335,0.2501685,-0.9637885
0.113501,0.23348,-0.965715,0.041366,0.252967,-0.96659,0.0774335,0.24322349999999998,-0.9661525
0.129721,0.268974,-0.954372,0.047801,0.300687,-0.952524,0.088761,0.2848305,-0.9534480000000001
0.11659,0.252399,-0.960574,0.043464,0.255199,-0.965911,0.080027,0.253799,-0.9632425
0.114521,0.245378,-0.96264,0.030672,0.249449,-0.967902,0.0725965,0.2474135,-0.965271
0.108165,0.271434,-0.95636,0.0514,0.259382,-0.964406,0.0797825,0.265408,-0.960383
0.081542,0.270846,-0.959163,-0.049059,0.287243,-0.956601,0.016241500000000002,0.27904450000000003,-0.957882
0.082081,0.281794,-0.955958,-0.038668,0.297039,-0.954082,0.0217065,0.28941649999999997,-0.95502
0.07886,0.285829,-0.95503,-0.03614,0.2462,-0.968545,0.02136,0.2660145,-0.9617875
0.053091,0.277401,-0.959286,-0.033954,0.256232,-0.966019,0.0095685,0.2668165,-0.9626524999999999
0.070914,0.267093,-0.961058,-0.014587,0.2584,-0.965928,0.0281635,0.2627465,-0.9634929999999999
0.070081,0.266412,-0.961308,-0.003671,0.250926,-0.967999,0.033205000000000005,0.258669,-0.9646535
0.069504,0.260867,-0.962869,0.024775,0.302291,-0.952894,0.0471395,0.281579,-0.9578815
0.158837,0.243322,-0.956852,0.051603,0.309316,-0.949558,0.10522000000000001,0.276319,-0.9532050000000001
0.169242,0.294753,-0.940467,-0.022064,0.283347,-0.958763,0.073589,0.28905000000000003,-0.9496150000000001
0.130631,0.283914,-0.94991,0.045956,0.279651,-0.959001,0.0882935,0.2817825,-0.9544555
0.106332,0.276597,-0.955085,0.047932,0.277451,-0.959543,0.077132,0.277024,-0.957314
0.130875,0.270529,-0.953774,0.004965,0.286582,-0.958043,0.06792,0.2785555,-0.9559085
0.070766,0.278594,-0.957798,-0.030113,0.301274,-0.953062,0.020326499999999997,0.289934,-0.95543
0.075038,0.279987,-0.957067,-0.029958,0.291291,-0.956165,0.022539999999999998,0.285639,-0.956616
0.071522,0.277141,-0.958164,-0.03243,0.295121,-0.954909,0.019546,0.286131,-0.9565365
0.167822,0.267332,-0.948878,0.08049,0.243576,-0.966536,0.124156,0.255454,-0.957707
0.166161,0.275599,-0.946803,0.082417,0.27018,-0.959276,0.12428900000000001,0.2728895,-0.9530395
0.163361,0.264542,-0.950437,0.092424,0.250751,-0.963629,0.12789250000000002,0.2576465,-0.957033
0.152632,0.232616,-0.960517,0.05583,0.229181,-0.971781,0.10423099999999999,0.2308985,-0.9661489999999999
0.13943,0.232679,-0.962507,0.091125,0.247573,-0.964574,0.1152775,0.240126,-0.9635405
0.147516,0.247452,-0.957605,0.089501,0.251201,-0.963788,0.1185085,0.2493265,-0.9606965000000001
0.123893,0.240531,-0.962702,0.085402,0.245157,-0.965714,0.1046475,0.242844,-0.964208
0.149964,0.235833,-0.960153,0.088335,0.261012,-0.961285,0.11914949999999999,0.2484225,-0.960719
0.153811,0.224407,-0.962281,0.048721,0.260868,-0.964144,0.101266,0.2426375,-0.9632125
0.144642,0.220678,-0.964562,0.011698,0.274352,-0.961558,0.07816999999999999,0.24751499999999999,-0.96306
0.13985,0.253397,-0.9572,0.012373,0.28149,-0.959485,0.0761115,0.2674435,-0.9583425000000001
0.137863,0.237908,-0.961454,0.024495,0.267353,-0.963287,0.081179,0.2526305,-0.9623705
0.141222,0.212695,-0.966859,0.032999,0.234616,-0.971528,0.0871105,0.2236555,-0.9691935
0.162522,0.221453,-0.961533,0.037013,0.250466,-0.967418,0.0997675,0.23595950000000002,-0.9644755
0.16235,0.221113,-0.96164,0.047,0.268517,-0.962128,0.10467499999999999,0.244815,-0.961884
0.145355,0.25971,-0.954684,0.063231,0.30589,-0.949965,0.104293,0.2828,-0.9523245
0.13423,0.275667,-0.951835,0.065242,0.321356,-0.944708,0.09973599999999999,0.2985115,-0.9482714999999999
0.148661,0.24627,-0.957732,0.066396,0.294811,-0.953246,0.1075285,0.27054049999999996,-0.955489
0.132632,0.248356,-0.959546,0.040756,0.277203,-0.959946,0.086694,0.2627795,-0.959746
0.128823,0.250274,-0.959566,0.048846,0.288598,-0.956204,0.0888345,0.269436,-0.9578850000000001
0.132137,0.242444,-0.961125,0.043001,0.283034,-0.958145,0.08756900000000001,0.262739,-0.959635
0.123773,0.26317,-0.956777,0.042053,0.30515,-0.951375,0.082913,0.28415999999999997,-0.9540759999999999
0.1326,0.262845,-0.955683,0.059934,0.317638,-0.946316,0.09626699999999999,0.2902415,-0.9509995
0.119731,0.22682,-0.966549,0.020538,0.285179,-0.958254,0.0701345,0.2559995,-0.9624015
0.145099,0.246719,-0.958163,0.020813,0.305513,-0.951961,0.082956,0.276116,-0.955062
0.181737,0.249977,-0.951043,0.015817,0.301431,-0.953357,0.098777,0.275704,-0.9521999999999999
0.195246,0.241751,-0.950492,-0.001472,0.303798,-0.952735,0.096887,0.27277450000000003,-0.9516135
0.158453,0.226298,-0.961084,0.058502,0.311429,-0.948467,0.1084775,0.26886350000000003,-0.9547755
0.150978,0.226291,-0.962288,0.058919,0.317823,-0.946318,0.1049485,0.272057,-0.954303
0.160749,0.218644,-0.962473,0.064997,0.315397,-0.946731,0.112873,0.2670205,-0.954602
0.088775,0.317815,-0.943987,0.009269,0.328896,-0.944321,0.049022,0.3233555,-0.9441539999999999
0.083756,0.30625,-0.948259,0.000578,0.324543,-0.945871,0.042166999999999996,0.3153965,-0.947065
0.085652,0.268909,-0.95935,0.010236,0.326798,-0.945039,0.047944,0.2978535,-0.9521945
0.08667,0.282655,-0.955298,0.022818,0.335116,-0.9419,0.054744,0.30888550000000004,-0.948599
0.091836,0.282365,-0.954901,-0.022263,0.279639,-0.959847,0.0347865,0.281002,-0.957374
0.082757,0.284751,-0.955023,-0.02007,0.284687,-0.958411,0.031343499999999996,0.284719,-0.956717
0.086918,0.282218,-0.955405,-0.01874,0.298198,-0.95432,0.034088999999999994,0.290208,-0.9548625
0.101471,0.280669,-0.954426,-0.036661,0.300672,-0.953023,0.032405,0.2906705,-0.9537245
0.096084,0.272963,-0.957214,-0.011946,0.295071,-0.955401,0.042069,0.284017,-0.9563075
0.105966,0.268569,-0.957414,-0.07663,0.310558,-0.947461,0.014668,0.2895635,-0.9524375
0.0968,0.247775,-0.96397,-0.083348,0.299326,-0.950503,0.006725999999999996,0.2735505,-0.9572365
0.107108,0.270567,-0.956724,-0.025025,0.302248,-0.952901,0.041041499999999995,0.28640750000000004,-0.9548125000000001
0.091651,0.264895,-0.959912,-0.026859,0.302853,-0.952659,0.032395999999999994,0.28387399999999996,-0.9562855
0.052274,0.279399,-0.958751,-0.039486,0.283652,-0.958114,0.006394,0.2815255,-0.9584325
0.052652,0.283046,-0.95766,-0.028389,0.290058,-0.956588,0.012131499999999998,0.28655200000000003,-0.957124
0.110198,0.264523,-0.958063,0.07504,0.316334,-0.945675,0.092619,0.2904285,-0.9518690000000001
0.119961,0.259719,-0.958204,0.073563,0.315539,-0.946057,0.096762,0.287629,-0.9521305
0.174823,0.234356,-0.956302,0.04554,0.319458,-0.946506,0.1101815,0.276907,-0.9514039999999999
0.174676,0.258552,-0.950073,0.058453,0.346821,-0.936108,0.1165645,0.30268649999999997,-0.9430905
0.204536,0.251318,-0.946046,0.048519,0.347527,-0.936414,0.1265275,0.2994225,-0.94123
0.151194,0.261377,-0.953322,-0.011353,0.290731,-0.956737,0.0699205,0.276054,-0.9550295
0.132842,0.217553,-0.966966,-0.004931,0.269183,-0.963077,0.0639555,0.243368,-0.9650215
0.159569,0.246569,-0.955898,0.080138,0.313778,-0.946109,0.1198535,0.2801735,-0.9510035
0.162836,0.231468,-0.959118,0.097499,0.32371,-0.94112,0.1301675,0.277589,-0.9501189999999999
0.145607,0.216171,-0.965437,0.097492,0.310317,-0.945621,0.12154949999999999,0.26324400000000003,-0.9555290000000001
0.172505,0.236866,-0.956105,0.091283,0.336482,-0.937255,0.131894,0.286674,-0.94668
0.136529,0.22907,-0.963788,0.05764,0.331062,-0.941847,0.0970845,0.28006600000000004,-0.9528175
0.134797,0.218954,-0.966379,0.061683,0.319402,-0.94561,0.09824,0.26917800000000003,-0.9559945
0.138017,0.231343,-0.963033,0.069707,0.308449,-0.948683,0.10386200000000001,0.26989599999999997,-0.9558580000000001
0.156403,0.243492,-0.957209,0.074598,0.312644,-0.946937,0.11550049999999999,0.278068,-0.952073
0.159019,0.249831,-0.955143,0.085666,0.280168,-0.956121,0.12234249999999999,0.2649995,-0.955632
0.157085,0.256926,-0.953579,0.080805,0.279345,-0.956785,0.118945,0.26813549999999997,-0.955182
0.154561,0.248088,-0.956328,0.087048,0.276387,-0.957096,0.12080450000000001,0.2622375,-0.956712
0.142364,0.246867,-0.958535,0.07377,0.276004,-0.958321,0.108067,0.26143550000000004,-0.9584280000000001
0.111309,0.27931,-0.953728,0.06718,0.292432,-0.953924,0.0892445,0.285871,-0.9538260000000001
0.138863,0.299671,-0.943883,0.068791,0.323899,-0.943588,0.103827,0.311785,-0.9437355000000001
0.134303,0.26704,-0.954281,0.062747,0.292673,-0.954152,0.098525,0.2798565,-0.9542165
0.12859,0.271783,-0.953729,0.057689,0.296825,-0.953188,0.0931395,0.284304,-0.9534585
0.143734,0.28121,-0.948821,0.074623,0.310453,-0.947655,0.1091785,0.2958315,-0.948238
0.137906,0.267195,-0.953724,-0.010088,0.299326,-0.954098,0.063909,0.2832605,-0.953911
0.147332,0.25489,-0.95568,0.014745,0.269823,-0.962797,0.0810385,0.2623565,-0.9592385
0.153385,0.277293,-0.948463,0.037143,0.304859,-0.951673,0.095264,0.291076,-0.9500679999999999
0.165963,0.264252,-0.950067,0.071085,0.31578,-0.946166,0.11852399999999999,0.290016,-0.9481165
0.164761,0.288778,-0.943112,0.02874,0.297573,-0.954266,0.09675049999999999,0.2931755,-0.9486889999999999
0.188584,0.252097,-0.949149,0.105789,0.241041,-0.964732,0.1471865,0.246569,-0.9569405
0.100938,0.252917,-0.962208,-0.077316,0.254218,-0.964051,0.011811000000000002,0.2535675,-0.9631295
0.171212,0.240555,-0.955416,-0.064673,0.294846,-0.953354,0.053269500000000004,0.2677005,-0.954385
0.181598,0.188713,-0.965096,-0.016617,0.282288,-0.959186,0.08249050000000001,0.2355005,-0.9621409999999999
0.120811,0.19614,-0.973105,0.057346,0.25561,-0.965078,0.0890785,0.225875,-0.9690915
0.036445,0.183156,-0.982408,0.049545,0.247977,-0.967498,0.042995,0.2155665,-0.974953
0.029722,0.187236,-0.981865,-0.063037,0.259454,-0.963696,-0.0166575,0.22334500000000002,-0.9727805
0.151699,0.168828,-0.973902,-0.06993,0.240067,-0.968234,0.0408845,0.2044475,-0.971068
0.129243,0.176582,-0.975764,-0.070641,0.243369,-0.967358,0.029301,0.20997549999999998,-0.971561
0.090383,0.17966,-0.979568,-0.073928,0.249383,-0.965579,0.008227500000000006,0.21452149999999998,-0.9725735
0.148919,0.20068,-0.968272,0.020818,0.30361,-0.952569,0.0848685,0.252145,-0.9604205
0.043298,0.190916,-0.980651,-0.070956,0.274001,-0.959108,-0.013829000000000001,0.2324585,-0.9698795
0.07065,0.246595,-0.96654,-0.055266,0.297746,-0.953044,0.007692000000000001,0.2721705,-0.959792
0.098257,0.248377,-0.963667,-0.037334,0.297739,-0.953917,0.0304615,0.27305799999999997,-0.9587920000000001
0.086955,0.255983,-0.962762,-0.035949,0.300403,-0.953135,0.025503,0.278193,-0.9579485
0.116018,0.289202,-0.950212,-0.057712,0.256671,-0.964774,0.029153,0.2729365,-0.9574929999999999
0.069514,0.26412,-0.961982,0.014016,0.210329,-0.97753,0.041765000000000004,0.2372245,-0.9697560000000001
-0.004171,0.242587,-0.970121,-0.0148,0.207772,-0.978065,-0.009485500000000001,0.2251795,-0.974093
0.003949,0.236089,-0.971723,-0.023829,0.190249,-0.981447,-0.00994,0.213169,-0.976585
-0.02118,0.197859,-0.980002,-0.080773,0.196116,-0.977248,-0.0509765,0.1969875,-0.9786250000000001
-0.019645,0.204956,-0.978574,-0.074717,0.196902,-0.977572,-0.047181,0.200929,-0.978073
-0.008145,0.223077,-0.974767,-0.070062,0.205164,-0.976217,-0.0391035,0.2141205,-0.975492
-0.008091,0.203615,-0.979018,-0.056161,0.191667,-0.979852,-0.032126,0.197641,-0.9794350000000001
0.000563,0.171482,-0.985187,-0.066069,0.192323,-0.979105,-0.032753000000000004,0.1819025,-0.982146
0.132362,0.16852,-0.976771,-0.059125,0.171768,-0.983361,0.036618500000000005,0.17014400000000002,-0.980066
0.051362,0.153341,-0.986838,-0.017279,0.201775,-0.979279,0.0170415,0.177558,-0.9830585000000001
0.080085,0.142265,-0.986584,-0.034664,0.208743,-0.977356,0.0227105,0.175504,-0.98197
0.142853,0.211122,-0.966965,-0.039077,0.262191,-0.964224,0.051888000000000004,0.2366565,-0.9655944999999999
0.17078,0.227519,-0.958681,-0.002206,0.293499,-0.955957,0.08428699999999999,0.260509,-0.957319
0.124664,0.221802,-0.96709,0.017226,0.286785,-0.95784,0.070945,0.2542935,-0.962465
0.176188,0.192957,-0.965259,0.022719,0.293745,-0.955614,0.0994535,0.24335099999999998,-0.9604364999999999
0.192182,0.22213,-0.955889,0.017297,0.276833,-0.960762,0.1047395,0.2494815,-0.9583254999999999
0.189413,0.22273,-0.956302,0.012491,0.273607,-0.961761,0.100952,0.24816850000000001,-0.9590315
0.198904,0.239223,-0.950373,0.059161,0.301908,-0.951499,0.1290325,0.2705655,-0.950936
0.213823,0.255722,-0.942808,0.052194,0.317218,-0.946915,0.1330085,0.28647,-0.9448615
0.229001,0.226158,-0.94679,0.07,0.317191,-0.945775,0.1495005,0.2716745,-0.9462825
0.222293,0.219603,-0.949926,0.089938,0.296207,-0.95088,0.1561155,0.257905,-0.950403
0.227492,0.21965,-0.948684,0.08078,0.302881,-0.949599,0.154136,0.26126550000000004,-0.9491415
0.227004,0.230203,-0.946296,0.067568,0.299805,-0.951605,0.147286,0.265004,-0.9489505
0.219273,0.231049,-0.947911,0.040293,0.316963,-0.947582,0.129783,0.27400599999999997,-0.9477465
0.230082,0.209105,-0.950441,0.055869,0.308714,-0.949513,0.1429755,0.2589095,-0.9499770000000001
0.223557,0.200845,-0.953773,0.062502,0.299156,-0.952155,0.1430295,0.25000049999999996,-0.9529639999999999
0.206419,0.206603,-0.956403,0.000438,0.313853,-0.949471,0.10342849999999999,0.260228,-0.9529369999999999
0.184724,0.260039,-0.947764,0.003259,0.321218,-0.947,0.0939915,0.2906285,-0.947382
0.179975,0.249301,-0.951555,0.020147,0.310841,-0.950248,0.100061,0.28007099999999996,-0.9509015000000001
0.214367,0.231994,-0.948802,-0.041101,0.320685,-0.946294,0.086633,0.2763395,-0.9475480000000001
0.134084,0.278877,-0.95092,0.010201,0.304292,-0.952524,0.0721425,0.2915845,-0.951722
0.132072,0.315637,-0.939644,0.00042,0.35967,-0.93308,0.066246,0.3376535,-0.936362
0.159964,0.260438,-0.952147,0.047122,0.301335,-0.952353,0.103543,0.28088650000000004,-0.95225
0.148944,0.248543,-0.957101,0.040125,0.295915,-0.954371,0.0945345,0.272229,-0.9557359999999999
0.147641,0.267184,-0.952268,0.030969,0.306513,-0.951362,0.089305,0.28684849999999995,-0.9518150000000001
0.154529,0.266376,-0.951401,0.034181,0.299811,-0.953386,0.094355,0.2830935,-0.9523935
0.15226,0.245794,-0.957289,0.001016,0.286148,-0.958185,0.076638,0.265971,-0.957737
0.183841,0.265954,-0.946293,0.01847,0.307846,-0.951257,0.10115550000000001,0.28690000000000004,-0.948775
0.144565,0.265457,-0.953223,0.055557,0.323855,-0.944474,0.100061,0.29465600000000003,-0.9488485
0.190358,0.224235,-0.955763,0.045101,0.309924,-0.949691,0.1177295,0.26707949999999997,-0.952727
0.186184,0.237072,-0.953484,0.057398,0.309366,-0.949209,0.121791,0.273219,-0.9513465
0.187636,0.226286,-0.955818,0.055857,0.310873,-0.948809,0.1217465,0.26857949999999997,-0.9523135
0.201965,0.262414,-0.943583,0.050344,0.321733,-0.945491,0.1261545,0.2920735,-0.944537
0.140553,0.272437,-0.951852,0.027858,0.316352,-0.948233,0.0842055,0.2943945,-0.9500425
0.155651,0.288449,-0.944759,0.015726,0.310142,-0.95056,0.0856885,0.2992955,-0.9476595
0.142206,0.275588,-0.950699,-0.031724,0.320219,-0.946812,0.055241,0.2979035,-0.9487555
0.145996,0.272074,-0.951137,-0.038842,0.313281,-0.948866,0.05357699999999999,0.2926775,-0.9500014999999999
0.13658,0.273275,-0.95219,0.045671,0.315588,-0.947797,0.0911255,0.29443149999999996,-0.9499934999999999
0.127421,0.229934,-0.964828,0.013263,0.294845,-0.955453,0.070342,0.2623895,-0.9601405000000001
0.174031,0.239438,-0.955187,0.00984,0.277322,-0.960727,0.09193549999999999,0.25838,-0.957957
0.174335,0.250731,-0.952229,0.052934,0.296041,-0.953707,0.1136345,0.273386,-0.952968
0.182025,0.258488,-0.94871,0.02892,0.290619,-0.956402,0.1054725,0.2745535,-0.952556
0.081223,0.296921,-0.951441,-0.081266,0.347727,-0.934067,-2.1500000000000685e-05,0.322324,-0.942754
0.07702,0.300044,-0.950811,-0.083361,0.35435,-0.93139,-0.0031704999999999997,0.32719699999999996,-0.9411005
0.07143,0.309837,-0.948103,-0.075884,0.350078,-0.933642,-0.002227,0.3299575,-0.9408725
0.072942,0.304093,-0.949846,-0.013099,0.353463,-0.935357,0.029921500000000004,0.328778,-0.9426015
0.131991,0.3048,-0.943226,-0.027632,0.340154,-0.939964,0.0521795,0.322477,-0.941595
0.107537,0.305516,-0.946095,-0.020975,0.343312,-0.938987,0.043281,0.324414,-0.9425410000000001
0.090205,0.313269,-0.94537,0.013474,0.33125,-0.943447,0.0518395,0.32225950000000003,-0.9444085
0.090696,0.294624,-0.9513,0.011952,0.31642,-0.948544,0.051324,0.30552199999999996,-0.949922
0.056931,0.286135,-0.956496,-0.039253,0.295357,-0.95458,0.008839,0.29074599999999995,-0.955538
0.062766,0.282601,-0.957182,-0.022064,0.299702,-0.953778,0.020351,0.2911515,-0.95548
0.067327,0.281196,-0.957286,-0.008476,0.292956,-0.956088,0.0294255,0.287076,-0.9566870000000001
0.062625,0.286215,-0.956117,-0.014491,0.289254,-0.957143,0.024066999999999998,0.2877345,-0.95663
0.061675,0.281724,-0.957511,0.000398,0.292834,-0.956163,0.0310365,0.28727899999999995,-0.9568369999999999
0.067342,0.291682,-0.954142,-0.016485,0.297567,-0.954558,0.0254285,0.2946245,-0.95435
0.069246,0.274433,-0.95911,-0.008169,0.288225,-0.957528,0.030538500000000003,0.281329,-0.958319
0.050867,0.277393,-0.959409,-0.040332,0.291934,-0.955588,0.005267500000000001,0.2846635,-0.9574985
0.076698,0.276371,-0.957986,-0.026433,0.292578,-0.955876,0.025132500000000002,0.28447449999999996,-0.956931
0.18033,0.227449,-0.956947,-0.050231,0.25805,-0.964825,0.0650495,0.2427495,-0.960886
0.222005,0.253914,-0.941404,-0.021866,0.288511,-0.957227,0.1000695,0.27121249999999997,-0.9493155
0.185365,0.239906,-0.952935,-0.004615,0.267949,-0.963422,0.090375,0.2539275,-0.9581785
0.188722,0.247167,-0.950417,0.013973,0.295688,-0.955182,0.10134750000000001,0.2714275,-0.9527995
0.177602,0.256818,-0.950001,0.045355,0.329614,-0.943026,0.11147850000000001,0.29321600000000003,-0.9465135
0.170164,0.267212,-0.948495,0.025831,0.333434,-0.94242,0.0979975,0.300323,-0.9454575000000001
0.164881,0.290666,-0.942511,0.016561,0.349865,-0.936654,0.090721,0.3202655,-0.9395825
0.191741,0.283341,-0.939656,0.015379,0.357025,-0.933968,0.10356,0.320183,-0.936812
0.185132,0.281372,-0.941571,0.026716,0.360403,-0.932414,0.10592399999999999,0.3208875,-0.9369925
0.159678,0.291652,-0.943102,0.030865,0.355296,-0.934244,0.0952715,0.32347400000000004,-0.938673
0.172667,0.274195,-0.946046,0.03703,0.361754,-0.931538,0.1048485,0.31797450000000005,-0.9387920000000001
0.187559,0.265889,-0.945582,0.022682,0.360517,-0.932477,0.1051205,0.313203,-0.9390295
0.163491,0.247568,-0.954977,0.029395,0.343642,-0.93864,0.096443,0.295605,-0.9468084999999999
0.16308,0.259506,-0.951873,0.040651,0.32837,-0.943674,0.1018655,0.29393800000000003,-0.9477735
0.188847,0.239054,-0.952465,0.04622,0.318693,-0.94673,0.11753349999999999,0.2788735,-0.9495975
0.180614,0.253017,-0.950453,0.033346,0.333832,-0.942043,0.10697999999999999,0.2934245,-0.946248
0.178692,0.226756,-0.957419,0.010479,0.310817,-0.950412,0.09458549999999999,0.26878650000000004,-0.9539155
0.160484,0.264792,-0.950858,0.012828,0.311542,-0.950146,0.086656,0.288167,-0.950502
0.175577,0.253405,-0.951293,0.020768,0.309266,-0.950749,0.09817250000000001,0.28133549999999996,-0.951021
0.211139,0.26694,-0.9403,-0.011201,0.330791,-0.943637,0.099969,0.2988655,-0.9419685
0.198105,0.262863,-0.944276,-0.025308,0.347199,-0.93745,0.0863985,0.305031,-0.940863
0.151747,0.297472,-0.942594,-0.041612,0.346681,-0.93706,0.05506749999999999,0.3220765,-0.939827
0.156677,0.284396,-0.945818,-0.027694,0.325628,-0.945092,0.06449150000000001,0.30501199999999995,-0.945455
0.157219,0.279757,-0.94711,-0.028317,0.31779,-0.947738,0.064451,0.2987735,-0.947424
0.156176,0.307003,-0.938807,-0.020456,0.334743,-0.942087,0.06786,0.320873,-0.940447
0.156562,0.282829,-0.946306,-0.014843,0.328935,-0.944236,0.0708595,0.305882,-0.945271
0.122868,0.288618,-0.949528,-0.026784,0.341145,-0.939629,0.048042,0.3148815,-0.9445785
0.120238,0.270299,-0.955239,-0.028718,0.307352,-0.951162,0.045759999999999995,0.2888255,-0.9532004999999999
0.116533,0.275356,-0.954253,-0.020782,0.316077,-0.948506,0.0478755,0.2957165,-0.9513795
0.119874,0.279954,-0.9525,-0.025925,0.340293,-0.939962,0.046974499999999995,0.3101235,-0.946231
0.123587,0.290296,-0.948923,-0.012965,0.355001,-0.934776,0.055311,0.3226485,-0.9418495
0.119245,0.283339,-0.951578,-0.031169,0.330563,-0.943269,0.044038,0.306951,-0.9474235
0.109239,0.281772,-0.953243,-0.01906,0.364188,-0.93113,0.045089500000000005,0.32298000000000004,-0.9421865
0.095793,0.253759,-0.962512,-0.054854,0.326714,-0.94353,0.0204695,0.2902365,-0.953021
0.111969,0.258976,-0.959372,-0.023686,0.326129,-0.945028,0.0441415,0.2925525,-0.9521999999999999
0.13069,0.241898,-0.96146,-0.067518,0.31,-0.948336,0.031586,0.275949,-0.954898
0.090609,0.316888,-0.944125,-0.028933,0.297736,-0.95421,0.030837999999999997,0.30731200000000003,-0.9491674999999999
0.097556,0.322503,-0.941528,-0.038934,0.308389,-0.950463,0.029311,0.315446,-0.9459955
0.083891,0.324187,-0.942266,-6e-05,0.291679,-0.956516,0.041915499999999994,0.307933,-0.9493910000000001
0.126189,0.300048,-0.945541,0.027203,0.297772,-0.954249,0.076696,0.29891,-0.9498949999999999
0.116482,0.265906,-0.956936,0.021937,0.253424,-0.967107,0.06920950000000001,0.259665,-0.9620215000000001
0.056603,0.245142,-0.967833,-0.003119,0.231455,-0.972841,0.026742000000000002,0.2382985,-0.970337
0.104473,0.240002,-0.965135,-0.125454,0.298937,-0.945991,-0.010490500000000007,0.26946950000000003,-0.9555629999999999
0.08695,0.215795,-0.97256,-0.12033,0.271244,-0.954959,-0.016690000000000003,0.2435195,-0.9637595
0.014253,0.220686,-0.975241,-0.134206,0.297941,-0.945103,-0.059976499999999995,0.2593135,-0.960172
0.032366,0.207612,-0.977676,-0.104229,0.302377,-0.947473,-0.035931500000000005,0.2549945,-0.9625745
0.027306,0.181901,-0.982938,-0.132524,0.311912,-0.940823,-0.052609,0.24690650000000003,-0.9618804999999999
0.084376,0.188582,-0.978426,-0.142459,0.319866,-0.936692,-0.029041499999999998,0.254224,-0.957559
0.061144,0.221673,-0.973202,-0.135107,0.324814,-0.936078,-0.0369815,0.2732435,-0.9546399999999999
0.068325,0.188332,-0.979726,-0.116843,0.308313,-0.944082,-0.024259000000000003,0.2483225,-0.961904
0.042716,0.203518,-0.978139,-0.128835,0.308954,-0.94231,-0.0430595,0.256236,-0.9602245
-0.001443,0.257526,-0.96627,-0.166792,0.263557,-0.950115,-0.0841175,0.2605415,-0.9581925
0.02551,0.170353,-0.985053,-0.166631,0.268214,-0.948839,-0.0705605,0.21928350000000002,-0.966946
0.06536,0.192725,-0.979074,-0.092148,0.285586,-0.953913,-0.013393999999999996,0.23915550000000002,-0.9664935
0.084785,0.173507,-0.981176,-0.05297,0.293955,-0.95435,0.015907499999999998,0.23373100000000002,-0.967763
0.111945,0.14605,-0.982923,-0.063542,0.263543,-0.962553,0.0242015,0.20479650000000002,-0.972738
0.112767,0.153017,-0.981769,-0.075944,0.2621,-0.962048,0.018411500000000004,0.20755849999999998,-0.9719085000000001
0.092735,0.107911,-0.989826,-0.055539,0.271608,-0.960804,0.018598,0.18975950000000003,-0.9753149999999999
0.097732,0.095337,-0.990636,-0.016842,0.281804,-0.959324,0.040445,0.1885705,-0.97498
0.163346,0.049721,-0.985315,-0.098995,0.253943,-0.96214,0.032175499999999996,0.151832,-0.9737275000000001
